100
9 2 13 0 
11 0 13 2 
3 0 3 3 
7 3 11 3 
12 3 8 3 
8 2 4 1 
11 2 4 0 
10 0 12 2 
12 0 6 1 
5 1 2 1 3 2 
0 0 60 1 0 13 10 0 14

12 1 13 0 
6 0 4 2 
10 2 3 3 
8 2 14 1 
11 0 10 0 
9 1 14 2 
5 0 11 2 
6 2 10 3 
5 3 11 1 
10 1 5 2 11 3 
30 5 0 1 49 5 3 0 3

13 3 13 0 
6 1 4 2 
14 0 8 3 
5 1 4 0 
10 3 6 0 
14 1 6 3 
9 1 12 0 
9 3 7 2 
12 1 9 2 
7 1 2 0 7 3 
12 4 0 3 0 0 0 78 0

10 1 13 3 
7 2 10 2 
6 0 12 0 
2 2 13 2 
10 3 5 3 
8 3 8 2 
6 1 2 3 
14 3 7 3 
9 1 12 2 
3 1 13 0 3 0 
25 0 35 14 0 12 1 9 0

13 1 9 3 
9 2 5 0 
5 2 10 0 
10 3 8 1 
5 1 7 2 
3 3 4 3 
14 0 11 3 
2 3 7 1 
8 3 7 0 
11 2 8 2 7 3 
6 27 5 6 0 3 20 0 28

4 1 4 2 
8 2 7 1 
12 0 5 2 
13 1 14 0 
5 3 14 3 
3 2 9 1 
7 0 5 0 
14 1 8 0 
6 2 2 2 
11 1 12 3 12 2 
10 0 65 14 6 0 0 0 2

6 2 14 2 
12 1 8 2 
8 1 9 1 
13 0 14 3 
6 1 13 1 
2 1 12 2 
11 1 7 1 
7 3 7 0 
10 1 9 0 
3 2 11 0 3 1 
4 4 0 18 2 4 56 6 2

10 2 14 2 
3 1 11 2 
13 2 11 3 
12 0 8 2 
12 2 5 0 
9 3 4 0 
10 0 9 2 
4 2 3 3 
10 3 9 1 
2 0 3 0 7 3 
17 21 14 17 8 3 3 9 3

7 1 7 2 
9 1 2 2 
2 1 12 1 
13 3 6 2 
5 0 10 1 
9 3 12 2 
5 3 11 3 
14 0 14 2 
10 2 4 1 
3 1 6 0 13 1 
8 0 20 45 1 1 1 19 1

8 0 6 3 
14 1 6 0 
8 3 9 0 
3 1 14 3 
8 2 14 2 
7 1 13 3 
10 2 5 2 
10 1 5 3 
12 3 12 2 
7 0 10 0 7 3 
12 0 25 0 1 43 2 2 12

5 0 2 3 
3 2 2 2 
5 3 3 1 
12 1 10 1 
6 3 13 0 
2 0 9 0 
7 3 8 1 
4 3 6 0 
7 1 11 1 
5 2 13 2 13 3 
0 36 0 2 59 0 0 1 0

2 2 11 2 
2 1 2 3 
13 0 5 3 
14 2 12 1 
4 3 14 1 
2 0 11 1 
8 1 6 2 
9 3 10 3 
7 1 6 0 
8 3 10 1 6 3 
1 0 2 1 1 1 31 50 9

4 1 12 2 
2 1 4 0 
6 3 11 3 
5 0 10 2 
6 0 2 3 
8 1 7 3 
8 2 14 3 
5 3 2 2 
9 1 13 0 
7 2 13 2 3 3 
6 1 5 2 0 18 10 1 51

12 3 14 0 
12 1 10 2 
10 0 2 3 
11 2 13 1 
11 3 3 3 
12 2 14 1 
5 3 7 3 
3 1 6 3 
14 3 8 0 
5 1 13 3 6 0 
1 2 1 37 2 1 25 19 6

10 1 6 0 
6 1 5 0 
11 0 7 3 
4 2 4 1 
9 3 13 3 
13 0 3 3 
10 0 8 2 
14 0 11 2 
10 2 13 2 
8 0 2 3 9 1 
16 1 5 8 39 0 9 15 2

4 3 8 0 
12 0 11 3 
2 0 7 1 
8 2 6 0 
5 1 4 1 
14 1 13 0 
10 1 13 2 
10 2 12 3 
6 2 2 3 
5 3 13 1 7 0 
10 4 12 26 13 19 6 4 1

5 1 4 1 
11 1 11 2 
9 3 10 3 
13 3 14 2 
10 1 13 2 
12 1 14 3 
10 0 3 1 
6 0 8 1 
8 0 7 0 
3 3 7 2 12 0 
18 5 8 6 2 24 10 3 20

12 3 11 3 
3 2 5 0 
9 0 13 3 
6 0 3 3 
5 3 8 2 
13 0 4 3 
2 1 5 2 
7 1 7 3 
9 3 12 2 
8 3 12 0 6 3 
43 2 7 13 13 1 2 8 6

2 3 13 3 
7 3 3 3 
11 2 4 0 
11 1 8 1 
12 1 13 0 
12 3 7 0 
8 2 10 0 
9 0 3 2 
4 2 12 0 
6 0 5 0 10 1 
1 10 2 14 15 2 49 2 0

8 1 12 1 
2 1 11 3 
2 0 8 2 
13 1 6 3 
12 0 6 1 
13 3 14 2 
14 0 5 2 
10 2 8 3 
9 1 3 0 
12 2 2 3 4 3 
30 12 0 1 12 19 16 2 3

4 1 9 2 
8 0 13 0 
14 3 8 2 
6 0 5 0 
12 3 6 3 
6 2 9 3 
3 1 8 3 
4 2 13 2 
4 3 2 1 
7 2 14 0 13 3 
0 10 65 2 7 2 0 9 2

14 1 11 3 
10 1 14 2 
7 2 12 1 
13 0 9 3 
13 2 2 3 
3 2 5 3 
3 1 5 1 
3 3 9 1 
13 1 10 2 
14 0 11 1 4 1 
52 1 0 0 0 4 25 0 13

3 1 14 0 
12 3 14 3 
6 2 9 2 
11 0 11 2 
9 0 2 1 
11 1 13 0 
3 3 8 3 
6 3 2 3 
5 1 14 2 
4 0 11 3 7 1 
1 3 3 82 1 0 2 0 3

3 3 9 0 
12 2 4 1 
14 3 8 0 
11 2 10 0 
5 1 9 1 
13 3 5 0 
5 3 8 1 
11 3 7 3 
6 3 6 2 
12 3 4 0 4 2 
0 85 0 0 0 0 0 0 11

6 0 6 3 
11 2 11 3 
12 1 4 2 
11 1 3 2 
2 2 9 2 
2 0 2 3 
7 3 13 2 
9 3 13 0 
3 0 14 0 
9 0 10 3 10 1 
10 38 9 3 2 5 4 7 17

5 0 14 0 
3 1 11 0 
2 3 13 2 
10 3 12 0 
10 2 8 1 
12 1 7 2 
13 0 9 2 
8 3 9 0 
3 0 9 3 
4 3 11 3 11 2 
0 90 0 5 1 0 0 1 0

3 3 12 0 
6 3 2 2 
3 0 3 1 
2 1 14 1 
9 3 5 2 
2 3 13 3 
4 1 8 1 
14 0 14 2 
9 2 12 3 
6 0 7 0 14 3 
0 0 0 0 11 2 12 71 1

5 1 10 0 
9 1 4 2 
12 0 14 2 
13 3 6 3 
14 0 14 1 
2 3 9 0 
11 0 9 2 
8 2 8 0 
4 0 7 0 
4 1 6 2 13 0 
7 3 2 58 7 0 2 10 6

13 0 12 3 
4 3 14 1 
10 1 2 3 
2 0 13 3 
6 1 7 0 
5 0 11 0 
6 3 9 3 
14 2 5 3 
8 1 4 2 
12 0 4 0 7 1 
34 7 1 0 12 33 3 2 6

4 0 4 1 
12 1 4 2 
8 2 6 2 
12 2 5 1 
13 2 2 3 
6 3 4 3 
14 2 5 3 
2 1 9 2 
11 3 9 3 
11 0 7 0 13 1 
9 2 2 2 49 2 11 1 18

9 2 5 1 
7 1 6 3 
4 1 3 1 
3 0 10 3 
4 3 11 3 
3 2 9 0 
11 0 12 0 
8 3 6 2 
12 3 6 0 
14 1 7 2 12 1 
0 14 37 1 0 0 39 2 3

3 3 8 3 
10 0 3 1 
7 0 12 3 
12 1 7 2 
13 1 5 3 
2 3 2 1 
6 0 10 2 
9 0 8 1 
7 3 13 2 
3 0 11 1 7 1 
8 5 5 5 6 11 3 24 27

6 3 6 2 
12 1 14 2 
3 0 13 2 
3 3 5 1 
4 3 12 2 
5 2 14 3 
9 1 4 0 
5 0 10 1 
9 0 2 3 
12 0 8 2 10 3 
10 31 13 0 7 1 10 12 12

12 3 3 1 
11 0 2 0 
7 2 7 1 
9 1 11 1 
14 0 14 2 
5 3 14 3 
2 3 11 3 
7 3 12 1 
3 0 5 0 
8 3 10 3 8 0 
0 3 6 7 55 25 0 1 0

8 2 6 0 
14 2 13 2 
14 0 4 3 
3 3 12 2 
5 1 5 3 
7 3 12 1 
7 1 10 1 
13 1 8 1 
9 1 13 0 
5 2 10 3 4 1 
10 4 0 3 72 1 3 2 0

5 3 5 0 
12 3 3 3 
6 1 9 2 
14 2 8 0 
7 3 14 1 
4 1 13 1 
12 2 10 0 
13 0 3 0 
8 3 9 3 
4 3 7 0 2 1 
11 4 4 4 27 24 10 4 9

8 3 13 0 
4 0 9 2 
5 2 8 1 
4 3 11 2 
3 3 12 0 
13 2 12 2 
11 0 9 0 
14 2 2 0 
9 1 12 3 
3 0 8 0 5 0 
22 0 18 0 0 0 58 0 0

8 2 7 1 
2 3 7 2 
14 0 12 1 
3 1 10 3 
14 3 4 3 
7 0 9 1 
13 2 7 3 
8 1 2 0 
5 3 3 0 
12 2 11 2 9 3 
2 0 37 25 4 7 21 0 1

11 3 3 1 
9 1 3 0 
12 3 12 1 
8 0 5 1 
3 3 13 3 
11 2 7 2 
10 3 3 2 
2 2 9 0 
11 0 6 1 
6 3 10 1 7 1 
0 7 19 29 11 8 7 8 6

5 0 10 1 
8 2 12 1 
2 2 5 3 
4 2 6 2 
10 0 5 2 
7 0 9 2 
2 1 11 0 
10 2 6 1 
14 2 12 0 
4 3 3 1 14 1 
4 4 76 3 4 0 2 0 4

10 2 13 1 
8 1 4 2 
3 0 14 2 
3 2 12 3 
12 0 5 1 
13 0 14 3 
10 1 14 0 
3 1 6 1 
2 3 3 3 
4 1 11 1 6 0 
3 19 0 0 3 5 5 49 12

7 1 5 2 
2 1 11 0 
3 1 9 3 
8 3 9 2 
3 0 14 0 
10 2 9 1 
3 3 14 3 
14 1 14 2 
4 1 5 1 
13 3 4 2 7 3 
13 1 0 4 0 5 38 30 6

12 2 11 2 
2 0 5 0 
4 1 5 2 
10 3 12 3 
4 2 7 0 
6 3 5 3 
7 1 2 3 
6 2 10 0 
4 0 9 3 
3 2 4 3 2 1 
4 4 4 2 0 78 0 2 0

11 0 11 1 
7 3 6 3 
12 1 10 3 
7 0 12 0 
2 2 2 0 
3 0 3 3 
5 3 8 0 
7 2 4 0 
2 3 6 2 
9 2 6 0 10 0 
27 6 13 27 3 7 5 5 1

14 3 2 1 
10 0 6 2 
8 1 13 1 
10 2 13 3 
12 3 8 2 
9 1 4 2 
14 2 3 3 
13 2 2 2 
5 3 6 3 
7 2 4 0 10 1 
3 7 6 23 10 18 3 2 23

2 0 4 0 
3 1 9 1 
9 3 6 1 
13 3 14 2 
12 1 4 1 
13 1 3 0 
2 1 14 0 
13 0 8 0 
12 2 9 0 
5 0 6 2 14 3 
10 1 14 54 2 0 9 5 1

4 1 6 2 
4 0 7 1 
12 1 8 2 
5 0 5 2 
3 3 10 0 
3 2 6 1 
14 1 11 2 
12 0 7 3 
11 1 4 2 
14 2 3 0 2 3 
8 0 2 8 15 8 54 1 0

9 0 7 3 
5 0 3 3 
4 2 5 3 
13 3 8 0 
12 2 9 3 
11 0 6 2 
6 0 11 3 
2 2 14 0 
14 3 10 2 
5 1 7 0 9 1 
45 3 3 12 13 8 8 1 4

14 1 4 1 
12 3 13 0 
5 0 9 1 
8 1 3 2 
11 1 5 1 
7 0 3 1 
9 0 11 2 
5 3 2 2 
4 3 12 2 
10 1 8 3 11 0 
3 35 11 13 5 0 29 0 1

7 0 8 0 
12 2 2 1 
2 3 8 3 
12 1 9 0 
10 3 14 0 
14 2 4 1 
13 2 5 0 
5 1 11 0 
8 1 7 1 
5 2 4 0 14 1 
13 8 8 1 10 39 4 1 13

11 0 12 3 
7 2 14 2 
9 0 10 1 
13 0 3 3 
8 2 8 1 
6 3 10 2 
12 1 14 1 
2 0 3 2 
8 0 6 2 
14 0 6 1 9 1 
1 6 13 0 4 3 64 2 1

13 0 12 3 
2 1 4 1 
6 2 7 3 
4 2 5 0 
9 2 7 1 
6 3 6 1 
13 1 14 2 
10 1 10 2 
11 3 8 1 
2 2 3 2 8 3 
8 14 4 21 4 1 7 16 20

3 1 3 0 
7 0 10 0 
6 1 8 2 
3 2 3 3 
11 2 10 2 
8 3 13 3 
4 3 10 3 
7 2 8 0 
14 2 6 0 
13 0 8 1 2 3 
0 8 0 0 7 80 0 0 3

11 1 2 2 
12 3 11 2 
5 0 9 3 
5 2 7 0 
13 0 4 3 
6 1 2 0 
4 0 14 0 
5 1 14 2 
13 3 10 1 
8 2 10 2 6 2 
1 16 10 4 0 10 2 36 17

3 2 13 1 
9 3 6 3 
11 2 8 1 
14 3 14 2 
13 0 5 1 
6 1 7 2 
5 0 6 2 
5 2 11 3 
13 3 12 2 
12 1 9 2 9 0 
0 55 14 12 0 0 1 1 11

2 0 8 2 
3 3 3 1 
12 2 4 3 
14 3 11 0 
5 0 7 0 
9 0 7 1 
12 3 9 3 
10 1 14 2 
7 2 3 2 
5 1 11 3 13 1 
2 5 1 38 10 2 19 16 2

10 1 13 1 
6 2 14 2 
10 2 4 3 
11 3 7 1 
2 0 4 2 
5 3 2 3 
9 0 14 3 
13 0 3 1 
5 1 6 0 
8 0 12 1 9 3 
25 1 1 10 0 5 38 2 12

2 3 4 3 
10 0 6 2 
14 0 3 3 
13 0 5 0 
8 2 11 3 
6 3 9 1 
6 1 13 1 
7 1 8 3 
9 3 10 3 
5 3 3 1 7 2 
16 6 9 13 8 12 11 13 8

6 1 10 0 
13 3 9 2 
8 3 6 2 
10 3 4 3 
10 2 7 0 
8 0 7 2 
2 0 12 2 
5 2 12 3 
3 1 11 2 
2 1 5 3 8 1 
10 17 6 9 5 12 10 19 9

13 2 12 0 
3 3 8 3 
8 1 8 2 
2 1 5 0 
4 2 2 0 
14 0 10 3 
7 0 4 3 
11 2 3 0 
9 1 2 2 
8 0 12 2 12 1 
29 0 69 0 0 0 0 0 0

2 1 13 3 
5 0 3 2 
4 1 10 3 
5 1 8 1 
11 0 7 2 
13 1 6 3 
10 0 11 2 
11 1 10 1 
3 0 5 3 
8 0 6 1 13 0 
3 1 1 13 6 63 4 6 1

3 2 14 0 
11 1 5 3 
12 1 2 0 
8 1 11 3 
5 1 11 0 
7 3 10 1 
9 0 6 2 
11 2 13 0 
13 1 13 2 
14 1 13 3 8 0 
2 0 0 0 0 1 3 0 90

13 0 6 3 
8 1 14 2 
12 3 4 3 
5 3 5 2 
14 0 7 0 
7 2 11 2 
14 1 3 0 
7 3 13 3 
2 1 10 3 
12 0 3 1 4 0 
1 0 45 6 34 0 9 0 0

14 3 5 3 
3 2 6 0 
8 0 11 3 
9 0 5 1 
13 2 4 0 
13 3 7 0 
5 0 14 2 
4 3 6 2 
7 2 7 1 
10 3 3 3 2 2 
40 13 13 3 0 6 8 4 9

8 3 8 2 
5 0 3 0 
5 1 9 0 
6 1 2 1 
7 3 11 1 
2 2 10 1 
13 3 10 3 
5 2 3 3 
9 1 4 2 
2 3 6 3 4 0 
2 25 4 15 0 0 29 20 1

2 0 12 3 
6 1 7 3 
5 1 10 0 
13 2 7 0 
14 2 7 1 
4 0 4 3 
12 0 6 3 
12 2 4 1 
9 1 13 1 
11 3 12 1 14 0 
9 0 14 8 42 5 7 0 11

10 0 4 0 
5 2 14 3 
5 0 8 2 
13 3 12 3 
2 0 2 1 
9 3 10 2 
13 1 9 1 
8 0 5 3 
7 1 5 1 
8 3 2 3 11 0 
5 3 0 21 50 14 0 0 2

2 3 9 2 
5 1 10 1 
8 0 2 0 
11 1 8 2 
13 3 4 0 
7 2 11 3 
6 3 9 3 
14 1 3 3 
3 2 14 2 
4 2 12 0 2 1 
6 13 14 6 23 5 5 10 14

3 0 8 2 
10 2 13 1 
5 2 4 2 
4 0 11 3 
9 3 6 3 
2 2 3 1 
7 3 4 1 
5 3 2 3 
12 0 7 2 
12 1 5 1 6 0 
1 17 2 0 16 4 25 7 22

2 3 12 1 
10 1 14 1 
7 2 12 3 
13 0 11 2 
2 2 6 3 
10 0 2 0 
10 3 14 2 
14 0 2 1 
3 1 4 3 
12 0 13 3 7 0 
0 3 41 13 0 30 3 4 1

6 3 4 3 
10 2 7 3 
13 1 3 2 
11 1 5 0 
8 2 10 3 
6 0 11 3 
14 0 8 1 
3 0 13 0 
10 1 4 0 
5 2 14 2 8 0 
13 9 1 10 0 1 58 4 0

7 0 7 3 
3 3 5 3 
8 2 14 2 
4 1 9 2 
14 1 13 2 
14 0 10 0 
6 2 9 3 
2 3 12 2 
4 3 9 0 
3 0 5 2 8 0 
3 40 13 1 0 31 6 1 1

7 1 5 0 
10 0 6 2 
5 3 13 1 
9 3 8 2 
12 3 4 0 
8 1 13 2 
4 3 3 0 
10 1 12 1 
2 1 9 2 
14 3 14 0 10 3 
0 8 6 4 10 6 2 59 0

9 2 5 3 
8 2 12 3 
7 0 8 1 
7 2 8 0 
9 0 6 2 
12 2 14 3 
7 1 4 1 
6 0 4 2 
13 1 3 0 
2 1 5 2 12 1 
8 4 0 0 0 27 35 8 14

7 2 10 2 
9 1 11 3 
8 2 5 1 
8 3 4 2 
2 0 6 1 
8 0 7 0 
11 1 3 3 
4 0 5 3 
12 2 9 0 
11 2 3 0 6 0 
3 5 2 0 9 26 31 15 4

11 2 12 2 
5 3 6 3 
11 3 6 1 
2 3 3 2 
7 3 4 3 
10 0 7 2 
14 1 13 0 
13 1 2 1 
10 3 2 2 
7 0 14 0 11 0 
11 2 3 1 4 9 66 0 1

11 2 12 2 
7 1 10 0 
9 3 12 3 
11 3 10 3 
8 3 3 3 
5 3 14 1 
9 1 14 2 
8 2 7 0 
11 1 4 1 
10 1 4 2 3 0 
14 6 2 15 13 24 4 4 14

11 1 3 1 
13 0 4 0 
11 2 8 1 
2 0 5 3 
13 1 6 3 
11 0 8 2 
9 2 4 3 
14 0 5 2 
12 1 10 1 
3 0 6 1 9 1 
11 4 2 4 17 2 13 6 37

6 1 11 0 
9 1 12 3 
4 3 5 3 
7 1 3 0 
8 0 9 3 
13 2 3 2 
5 2 12 1 
4 0 10 2 
9 2 10 0 
11 3 14 2 2 2 
34 2 13 0 1 42 2 1 1

13 3 8 2 
13 1 2 1 
3 3 4 2 
8 3 6 0 
4 1 9 2 
2 2 9 3 
9 0 7 1 
2 3 14 2 
12 2 10 2 
4 0 8 0 10 3 
11 0 6 4 7 2 40 7 20

7 1 3 2 
10 3 4 2 
10 2 5 0 
8 3 7 0 
12 2 8 0 
8 2 11 0 
7 2 6 3 
5 3 12 0 
5 1 14 1 
10 0 4 0 3 3 
8 47 4 3 3 3 6 5 17

10 3 8 2 
9 3 6 3 
9 0 10 2 
4 3 10 1 
7 1 2 1 
12 1 3 1 
4 2 13 3 
10 0 6 1 
2 2 7 0 
9 1 2 3 12 0 
20 12 5 1 5 40 8 2 5

10 2 11 0 
5 3 4 3 
13 1 2 2 
10 3 3 2 
7 3 12 2 
12 1 13 3 
8 3 4 2 
14 1 8 1 
4 0 11 2 
5 0 11 3 13 2 
12 15 14 1 2 34 2 11 5

8 0 7 3 
5 3 10 3 
7 2 4 2 
12 2 3 3 
7 0 9 0 
4 3 13 0 
5 1 10 0 
8 2 11 2 
11 1 14 2 
4 1 3 0 9 3 
4 9 0 21 26 18 4 2 12

11 3 13 1 
3 0 7 2 
12 0 5 2 
11 1 2 3 
8 3 12 3 
11 0 8 2 
9 0 7 0 
2 0 3 1 
13 0 14 0 
5 1 9 1 2 2 
7 5 18 6 2 2 31 8 15

8 2 9 2 
3 1 5 0 
4 2 3 2 
7 3 14 3 
4 0 10 1 
12 1 14 1 
11 0 13 0 
2 3 5 1 
8 0 13 2 
6 3 3 0 9 1 
22 8 3 10 5 18 19 8 1

13 0 10 1 
8 0 10 2 
8 2 11 0 
4 3 14 3 
12 1 8 3 
5 0 11 3 
10 0 9 0 
14 1 9 3 
6 1 9 1 
4 0 5 2 7 2 
9 12 6 11 10 17 4 2 24

3 1 3 0 
8 3 6 1 
7 1 4 0 
9 0 11 0 
13 2 7 3 
11 3 9 3 
14 0 4 2 
11 1 9 2 
11 2 7 0 
13 3 2 1 8 2 
9 19 2 1 44 7 12 1 0

12 1 6 1 
14 2 9 1 
9 3 12 0 
11 1 7 3 
8 0 10 1 
8 3 4 1 
2 0 7 1 
13 2 10 3 
13 3 9 2 
2 3 14 1 7 2 
3 19 0 14 2 7 50 2 0

8 1 9 0 
3 0 11 2 
9 3 10 0 
13 2 12 2 
6 3 10 1 
14 0 6 0 
4 0 14 1 
9 2 8 3 
8 2 10 2 
7 2 9 1 5 0 
0 0 23 26 5 9 6 0 26

11 2 11 3 
8 3 10 1 
10 2 9 1 
3 2 5 0 
14 2 8 0 
4 0 7 1 
7 3 5 3 
13 2 2 1 
6 0 9 2 
7 2 4 1 3 3 
10 2 3 16 2 40 12 3 9

9 3 6 1 
7 2 9 0 
6 3 12 3 
4 3 13 1 
5 3 5 0 
3 2 2 1 
13 3 10 2 
14 1 13 0 
14 2 7 0 
7 3 9 2 10 0 
8 35 17 0 10 1 13 3 7

7 2 12 0 
13 1 3 2 
6 3 12 2 
10 0 4 3 
13 3 2 0 
8 1 5 3 
12 1 7 3 
4 2 4 0 
6 1 14 1 
7 0 9 2 5 0 
16 3 6 9 3 24 12 5 17

6 3 3 2 
2 3 10 3 
7 2 12 1 
14 2 11 3 
13 3 14 1 
5 1 4 2 
3 3 2 2 
5 3 12 2 
3 0 8 0 
9 1 7 0 2 0 
1 11 17 4 7 0 2 0 53

7 0 8 1 
11 1 5 1 
5 3 12 3 
8 3 2 0 
4 0 10 3 
14 2 14 3 
4 2 3 3 
4 1 6 0 
2 1 6 3 
10 0 9 2 3 2 
21 4 5 3 11 42 8 1 0

11 3 5 1 
10 0 3 0 
2 0 12 0 
7 0 6 2 
13 3 9 1 
2 1 2 3 
11 1 13 1 
14 0 4 0 
8 3 9 2 
13 2 7 3 8 2 
3 5 0 18 8 4 26 9 21

7 2 9 3 
6 2 10 1 
7 3 5 1 
4 0 5 3 
5 0 11 2 
2 2 6 1 
9 2 2 0 
7 0 14 2 
8 1 14 0 
6 0 10 2 3 3 
16 50 14 12 3 0 0 1 1

6 0 3 3 
3 0 13 2 
9 2 3 2 
10 0 7 2 
12 2 4 0 
11 2 2 2 
4 2 13 1 
2 0 5 1 
8 2 9 3 
8 3 8 0 5 0 
2 0 1 4 0 0 0 0 90

8 2 3 2 
13 2 9 3 
9 0 4 0 
14 1 3 3 
11 2 12 1 
5 1 14 2 
4 3 6 0 
13 0 5 3 
4 2 3 0 
3 1 2 2 13 3 
14 47 0 9 6 5 10 5 0

14 1 4 2 
13 1 9 1 
11 3 11 1 
13 2 5 0 
3 0 9 3 
9 0 6 2 
10 2 13 3 
10 1 2 3 
3 1 12 0 
8 2 7 2 7 3 
14 1 38 5 1 22 4 1 11

