10
1 3
00111110010101000100110010110101
00111110100100000101010011101110
10111110010010111101111101011010
00111110111001101010111010010001
00111101111010010101100011000000
00111110001111010001101001111111
00111110010111010001100010010101
00111110110011001101010011110000
10111100101111010000010011000001
00111110011100110001001110010100
00111110101000011110001000110110
00111110111011001101001100010111
10111110011010110100110011000001
10111110100000001100110101011101
00111101111001001011011000111001
00111110001010011010010011100110
10111101100101111001001100111010
10111110111010100010101110010100
10111110001000111011100111100101
00111110001000100010000000011111
10111101101000011011011110011001
10111110000001101101011001110111
10111101000000011111110101000110
10111110100110011111000100101011
10111101001110111111110000101011
00111101101110001100111111111101
00111110100010100010011010011011
10111110111110010010010010011000
00111110010111010001101110100010
10111100001001110111010100110110
00111110111010001111010100110111
10111110110110111111001000111110
00111110101110111010100110001101
00111110001000111100111000100110
00111101110100110100101001111100
10111110110101100000110111000111
10111110101000001100101011001000 00111110001100011001111101110011
00111110000111100111110101001111 10111101010001011000011010010110
00111101100010010100111011001010 00111110000100101110111101000000
10111110000010000010010011010111 00111101001010101001101101001110
10111110111101010100011100000011 00111110111011100011011001111101
10111100011011100010010000000111 10111110100011111101111110100100
00111110110110010100001101111100 10111110111101011010101110110101
00111101100011011110101101001001 00111110011000101100001111110011
00111110110000010011011111111001 10111101111101100101100100000000
00111110111111110001011010110011 00111110011011011010001111100111
10111110010100100011110010110001 10111110100011110100010001101111
10111110101101111100101010111101 00111110000100110001011011011011
00111110101001000001101100101000 00111100111010110011000111101110
00111110111101001101101001000000 10111110111010111000011010100111
00111101111110010111001000110010 10111100100001100011000111111001
10111100110101101010110010010101 10111110101111100011110001001011
10111101011100110110100011010010 00111110110110100111000100100001
00111101010101111011101111111000 10111110101001111111011111000101
14
12
6
3
11
0 2
10111110111010011000010010011111
10111110010110001001010101010101
00111011000000010101100000011101
10111110100111011110101011101000
00111110100101100000010110100001
00111110010110011001000011100101
00111110100010010101011011011001
00111110111100011111101100011001
10111110100011010011011010010110
10111110101010110100000010000000
00111110110101010101100011101010
00111110100000000000111010110000
10111110001100100110001111110010
10111110110011110001110011001000
00111110001100101100000111111101
00111110101011001100100101110111
10111110101100110100011110111000
10111110010101111001000000001010
10111101001101100001010100111011
00111110101110100001101111110100
00111110101101100111010010111011
10111101101111110101001001010010
00111110111010101110000100001001
10111110111010101001000110110100
00111110000011101110110111011000
00111110010010000001110100110011
00111100111101100101011010111001
00111110011010100001111100110010
10111110111000111100010100100010
00111110111001011101000111011111
00111101110001000101100010010000
10111101010111111010100110011111
00111110111010000011111010001001
00111110100100000111011100000011
10111101000000111111100011011110
10111110110111111010011110011111
10111110001110000010101010101010
10111110100111100000100110011010
10111110111000011001000101100101
00111110101011110001001111101001
00111110010110110101111000101100
10111110111000000110001001010001
00111101100100000000101000111011
00111101101100111110101101010110
10111110100011010011110110010100
10111110101010000110011010011000
10111110101001110110001000000101
10111110100001101111110010000111
10111110010101001011101010100000
00111101010111010101100111111111
00111100001110110011111111110100
00111101101110001000000001111010
10111110001110101000011011001100
00111110100101011000100111001110
10111110100000011101010010011101
10111110110000011101011010011011
10111110101001111000011100011001
00111101011010111001101000111110
00111110100010000110010010101000
10111110111111011001110011101111
10111110110010000100101001100101
10111110111111010101011101101111
00111110111110111000101011100101
10111010110110111011100101000101
10111100011010110101010110001001
10111101110001001110101100001011
00111110101100000100101100001111
00111110111010000111110110011001
00111110100000001011010111011100
10111101101001100011100101011100
10111110000001111111100101111110
10111101110011000001001011111100
00111110010100001100111010111000 10111110100001100101100100001010
00111110111111101110000111010011 10111110100001011111101001000010
00111101101001111111100000001000 10111110110100000001100101100101
10111110101001111011101111011100 10111110110101001010101110011111
00111110011101110001101111011001 10111011111111101100101000001011
10111110011010110000110000000111 10111110010100101000011100100000
10111110100011111000111110111100 10111100101100011101111010011100
00111110011001010001010010101010 10111110100001111011110010010011
00111110100000111000011000011001 10111110110110100100101010100101
00111110100111011100100001110000 10111101111111010110111001001101
00111101101011001011010101000100 10111110110110111001011010001001
10111110100110000110100110001001 10111110110000101101110101011000
00111110010110101110011001011100 00111110111111000111101101110110
00111110100101010111010110000000 10111110110111111011110110101001
00111110101101111101000110001011 00111100010101000110101010001010
00111110111110110001011110110111 10111110010111010000011000000010
00111110101011101001010101100111 10111110001011010000111000110010
10111110101000001001101101110000 00111110110100101001000101010100
00111110110110101101111000111100
00111110101001100110111001010011
10111110000010100111111100100110
00111110000100001100101001011111
00111110110110011000101100010011
00111110101010100001110110011111
10111101110011101011101001111110
00111101101111101101110101111101
10111110000010100001110010111111
10111110111111001010100000100110
00111101011001000101000101000010
00111110101110010101110101111010
00111110101101001001100110001000
10111101100110000100000110100011
00111110011011000010000010100110
10111110100010011010000101111100
10111110100010010110011000100010
10111101111001100111100111010011
10111110000010011011111011000001
10111110111000101011010110100000
10111100000001101111000101110100
00111110110001110001111011100110
00111110110111111011010111010010
00111101010111001100011100001000
00111110111111101111110100001011
10111110000010100010010001101101
00111110100110110101101110100101
10111110111000100110001000101100
10111110110110111011101110000011
10111110100011111100111111100100
10111110011101000110101000100000
10111110110111101101100000100111
00111110111001111010101010001101
00111110111100101100100001111010
00111110110001100001101000000101
00111101001111101110011010010011
10111101111100001100000110010011
00111110111100110100001011010010
00111110110110000111001101100010
10111110100001100101010011100100
00111110101110110001100111011110
10111101010001011110001001011111
00111110101100111001000011110010
00111110001110101100110111010111
00111110110100101000101101101000
10111110111011100111000110000101
10111110111001100111000011000110
00111101011000011111001000010101
10111110000000000000000011000000
10111110111100010011100111011111
10111110010010010111011000110101
00111101111001101011011001000111
00111110110101001111100101000000
10111110111011011101111111111011
00111101110001000101111001100100
00111110101101010001111000101001
00111110010011100110111101001101
1 3
10111110010100000011010000100001
10111101100000101001111101101011
10111110000010000110101101101100
00111110000001110011000001011011
10111110110000101110101001000111
00111101100101110101000111100010
10111110100101100010000111011010
00111110101010001100001010101000
10111110101111000111100001110100
10111101111001100011111000010101
10111110101000101000010111000110
10111110101101101110110110011100
00111110111101110000110101011100
00111110101100010011011000110010
00111110111101100001100101001100
00111110110001011101011001110100
10111110010000011100110011000010
00111110101000001000111111110101
00111110100010111001001000000110
10111110011010011001010001110011
10111110011101011001110001101101
10111100111010101110000001011001
00111110110011010111101001011010
10111110001000011111111100010100
00111110111001111100110000011100
10111110011110011000100101011100
00111101000011010110100110100110
10111110001010101011001001100000
00111110101001011010110001010010
00111100001000110110111000100000
10111110100011101000100001011000
10111110001111110001100101010000
10111110001010001011001000110010
10111110011000011110001110101100
00111101110100001011101100111011
10111110111000101010111110100100
00111100111000111111000001010101 00111110110010101111111111111011
00111110110011110000101010101000 00111110101011010111100001001100
00111110001010110011011100101100 10111110110100011011000101101001
00111110000001000111010000011101 00111100100100000011101011110101
10111110100000101101011010000010 00111110111001110000000110000100
10111101011000110000010110000110 10111110110111000010011010101000
10111101000101000000011010011111 00111110100101010101010010110000
10111101010101000000011000000111 00111110110000000011010100110001
00111010100000110111110110011001 10111110100100110000101010100111
00111101111111100101100100001011 10111110011000000111011000111101
00111110001101100011101001011001 10111101100101010100101101001011
10111110011110010111010000111001 10111110011011100011011011101011
10111110001011110011110001100010 00111110100011111111100000110000
00111110110111011010010111100101 00111110001010111011001101110001
10111101001011000010011001011001 10111110100000000100010011001101
10111110011100011111001001100111 00111110100111100001011111000111
00111110110101110101010111000111 10111110011110110010011101001100
00111101110100111000111111100101 00111101111010001010011100000101
9
13
4
5
1
0 1
00111101010010000111011000111101
00111101100101001011010101101101
00111110101010101101000101110001
10111110110000010100000101101100
10111110101000010101100100100101
10111110011011001100010001110001
00111110101010111111111001010011
10111110100111001011110000011010
10111011111000000110010011101101
10111110110000100011100100100110
00111110111111001010111001000010
10111110110010100010110110010111
10111110010011000001100011011111
10111110001110110100000000010110
00111101100111000101001000011101
10111110011001010110010110001101
00111110100101011000001111101010
10111110110010101011001011010001
10111110000100101111110011010100
00111110110101011001111100111010
10111110011110101110000010010000
00111110100010101100100011110110
00111110111011111110011001011000
10111110101000101100000110001000
10111101010000101001101101001111
00111110101010111010101100111110
10111110111110100011000101100000
00111110111010001000011000011010
00111100010000110100100101100110
00111110100111101110001011100001
10111110111001001000000100110010
00111110101001111000000000101001
00111100100000001000100101100110
10111110011110110010001000111100
00111110101010101010110101000111
10111110101001111001001101001100
10111110100101110110101010001100
00111101111110101111001110111010
00111110111100011010011110111001
10111110111001001111111101000100
10111101110000011010010100100110
00111101100000010011010000010011
00111110110001110011001001101010
00111101110000000001111000100100
00111101110101010110101011011011
10111110011101100111101100010011
00111101001111101001100000010101
00111110111000101100010101100010
10111110001011010001011001100100
10111101000100001101010011010110
00111110101111111011001011100111
00111110100111100000010110100010
10111110100000011001100000111101
00111110100010010001001011101100
00111110101010100101011110110110
10111110101111010110101100110100
00111110110100011010011110111100
10111101000001000100111101111111
10111011010010100011001000011000
10111110000101011111000000100101
10111101101101100001010111101011
00111101101100000101110000111111
00111110100010011100011101011000
10111110111010100101011110001001
00111100111110010111011101000101
10111110100100011110110011000101
10111110110110001010101111011110
10111101101110010110010100000000
00111110110011101010000111100110
00111110110011000010110011011100
10111110110010111001100110100101
10111110110011011100111010101101
10111110110100010100101000110100 00111110001011001110010111101110
00111110110000000010100000001100 10111110100001101001011110011010
00111100100101011011011110000111 00111110110001011100101111000011
10111110011111100111101100100010 00111110100011101001010100110111
10111110110010100000101111000101 00111110010000101110000101101011
00111110001010110010100000000001 10111110000011000010001000101010
00111110000001101011001100101011 00111110110111000110010110001000
10111100000111001110001100111110 10111110110001011110001011010100
10111110100001010100111010010001 00111110111110101111101110110011
00111110001111010000010100000011 00111110000011001110000101001011
00111101111110101011100110111110 10111110000010101001101101110100
10111110011110111110010010100111 00111110100010100000101011101110
00111110100100000010110011111001 10111110100011100010011111011000
10111110001101011011111111001101 00111110111100000101100001111000
00111101110101110010110010010101 10111110011101000111010001011111
10111110000101111000101001000100 00111110100111001110001101111000
00111101100001101010101101000101 10111101110100110011101100101100
00111110110100110010000011100111 10111101100010011111010110001101
10111110110000010101100010001011
00111110100101011110100000100110
10111110011101101010011011011101
00111110111001000101101010000110
10111100100101110010110110010111
10111110110110100100110000010000
00111110111011000010110011100000
00111110110110110111001010001011
00111101011011111100111001110010
10111110111100101110000010111100
10111101001010000111111100101000
10111101111000100000011111111100
00111110111000011010101101100101
00111110101111011101100001001110
10111110100010000010111000010010
10111110110000001010101011011111
10111110100100110011100000010010
10111001100011010001111101010000
10111110001111011011001100011000
00111110100101110100000010101011
00111101110011111100000100100111
10111110010011001011111010000110
10111110001010110011110010101110
10111110000001011010000001001011
00111110110110100001000011011000
00111101001100110011010010000111
00111110101101010000000010000000
10111110110110010100110101011000
00111110100011100000100110001110
10111101111001011001110011000001
10111101111100101000111010101011
10111110111000101100011101010111
00111110110000001010100010101000
10111110110000000000010000010011
00111110010010011011011110111010
00111110110100001000000101001010
10111110111010010000111110100001
10111110100111110110001000111001
10111101110001010100011000111110
10111110011011001110101010001110
10111110100111000111101110010100
10111110101010010111110100000010
00111110101010101111001011010011
00111110101110111101110010001111
00111100001010111110001000101011
10111110111000111011100100010000
10111110000000001101001110010100
10111110000010110101010001001001
00111110111010001000110011101101
00111110111100010110001110011100
00111110011001000101001000010110
10111101110000100001001001011010
00111110100110101000001101111010
00111110101111111111101001110010
00111110111011011101000100100011
00111101000110011010100010000111
10111110110101001111010010100110
0 1
10111101101111110110010010111111
00111110110101111111100110111111
10111101000100001001100111100001
00111100001001000100101011011000
10111110111111101111100110011000
10111110100011101010111000001001
10111101011000101000101011000110
00111110110011111011100001000001
00111101101011011001111110111011
10111110101000000000000011010010
00111110100010100001100001001100
00111110011000011010001110100111
10111101010001101000001001111000
10111110011100010100001010101100
10111101001001100100000110000001
00111110110101111100011010100101
00111110001011110000000010011111
10111101100011101111000111100111
00111110111011010101100100001111
00111110101010101011001000101101
10111110010011000000010010110110
10111101110010111110111100001100
00111110011001110100011100000011
00111101100111110010011111111001
00111101100101100010000111001110
00111110000101001101100110000101
00111110101111110111001001110111
10111110011111110000000011111001
00111110010000100111100111111001
10111101001000010111101100011100
00111101001110111111110001111001
10111110101110100010001111001001
00111011100100010110101101100110
10111100110011001100111000001101
10111110100001001010000100000100
10111110111010111100000101101000
00111110111101110100111111011001
10111110100101100001111000110101
00111110100000011111111110000011
00111110100010001100000010001001
00111110100110000010011000101100
00111110111101011001100000100110
10111110100110110100011000111001
10111110010110101001101010000011
10111101111000010011011111111010
00111110111010100011000111011001
00111110111100011101111010000000
10111110100110010100110000001001
10111101100100011011011100111011
00111110110101110100111100101000
00111101010111110010100100010010
10111110100100100100110011100111
00111110111111001111011100111101
00111110111110101111111111000110
00111110111100011110000110100011
10111110111000111000010011100011
10111110110100101111111111000011
10111110111010101110011100000010
10111110110101011111101111010110
10111110110011000010001100100011
00111110000101010011000010111101
10111101001100101000100000000011
10111110101101111111001101011101
10111101010010101010100000110001
10111110100100110101010110110011
00111110000101101000110100101100
10111110110110011101110011011110
00111110010010100100001001110010
10111110011101010010111111100001
00111110100001100000101011011011
00111110111101100010100101110111
00111100010110001111000110111110
10111110110000100000110010100011 10111110011001110011001011111000
00111110011110001000010011111000 00111110100111001100110111101100
10111100001000110100110110101101 00111110100110110101000010011111
00111110010110011001101100010100 00111110100110100010111111011100
10111110111110010111100001011001 00111110011011011010010111001110
00111110010011110101000010100101 00111100000111101010101000111010
00111110110000010011011110111011 00111110010101100101101100110101
10111110110001001101011001010011 10111110110010010000111101110000
00111110001110101000110011100000 00111110110111010010010100101111
10111110100110100100101010011010 10111110001011111111001011001100
00111110001011110110101011110000 10111110000111100100001000000111
10111101100100110111011110111001 10111110110000000001010001110101
10111110000000100100011111101001 10111110110000101001010010001110
10111110011110111111100111001000 10111110011010110101110011111010
10111101101010000111101100100001 10111110011011111000111111100101
10111110101010001111010101110000 10111101010101111001100000010111
00111110110101001110010100011110 00111110100110100101010011110000
00111110011001111011111110001111 00111110111000001111111010110010
10111110100100001000011110110100
10111101111010000000010110100110
00111110001101101001000111001010
10111110011010000101010001100101
10111110111001110011100000100010
10111101101101100111001011100010
00111101110100000100111100110000
00111110111011011111001011101101
10111110101100101011110001010010
00111110111111101001000000101001
10111110011000001000010011000111
10111110000100110010110001011000
00111110100110000000111101111100
00111101011110001010001101000010
00111110101001101111000000000010
10111110011000001101010110011011
10111110100111101110111110100101
00111100010001111001100111000011
00111110011011000111100100100110
10111001011000011010100101111110
10111101101101010001000100101100
10111110001001101010010001001100
00111101001001100001110001001011
10111110100011000111100111100001
00111110101110011010011111101001
00111110100101001000111100001010
10111110110011001000001100110101
10111110100100100101100111011000
10111110000010000110000001011001
00111110101100001001010001011100
00111100101001000100010110010010
10111110100011001111010110101001
10111110001010111111011110101101
10111110100010100001001100000100
10111110000010001010111111111111
10111110001011011101100001001000
10111110000100001000010001011001
10111110101010101110010000111100
10111110001011110001000111010101
00111110011101011100111111000001
00111110100101010110001110000011
10111110100101101000101010010011
10111110001000000010101111011000
00111110101111111010001001100101
10111101100001001001000100100110
10111110100101010011001010101100
10111101101010001111001000110001
00111110100101000001001110110110
10111110000010110001111001011110
10111110111101010100101101101110
00111110110100010000011101101000
10111110011111111011001010001110
10111110111000011010001011110100
00111110010001110110111010111101
10111110110010010111110110011011
00111110111111010111101110101011
00111101101001010011100101001010
1 1
00111110110111100110101110110010
10111110010000100011011101011000
10111110110011010101101110011100
00111110101100010010111011010000
00111101100101010001011111000100
10111100110001001000101101010100
10111110100101011000001000100110
00111110010001110011110110001001
10111110111110110100000000100110
00111110110100011101011010000010
00111110111011001110011110001101
10111101110000100101000011011011
00111110010010000101100011011111
10111110101110000101101001100110
10111101110101010100110101101101
00111110101100000100000110001011
10111110010001110111100000100110
00111110110010011101101110111111
10111110111011100110111111100000
10111110011000010000000010000000
10111110010100000010100101110010
10111110100100010001101010000101
10111110101111011101001010001111
00111110100011111010111101111010
00111110101010011110100010101001
00111110101110011101111101001000
00111101110101100011001001000101
10111110100110101100000101000100
10111110010010110111010111111000
10111110111100111010000011011111
10111101101101100101111110100000
00111101110110001001011101111010
00111100110101101101100010010000
00111110101100110101110110001110
10111110101100111111011010111011
00111110001101100001100110110011
10111100011001101111100000110010 10111101101111101111011100101111
00111110100111011001000001101100 00111110001001101011100100101001
00111110111000000110001011100011 00111110011111011010001111011111
10111110111010100010110100111100 00111110011100001011101100110011
00111110111001100000111000001011 10111110101010011000010011001010
10111101000000111101011001111000 10111110010101010100010010000101
00111110110110001100101110110110 10111110000110001001101010111001
00111110110100110110100010001101 00111110101100001101010000000101
00111101110111101011100110110001 00111110110011001001010000100111
10111110100111011101110001001011 10111110101011001110100011100010
00111100111111010010011000010110 10111110101001100000011001001100
00111110110100010011101110001011 00111110101110001111000010111000
00111110011111110111111011101100 10111110100111001101001000110101
10111101110100100000011100100111 10111110100111110001011100111101
10111110011001100010000011000011 10111110010101001100001111000001
00111110110011010011110100111100 00111100001001001110011100101101
00111110010010011000111001011101 00111110001100001110101011010011
10111110001010100001011100111010 10111110111000011000010110000001
7
7
4
5
10
1 3
00111110101101000001111011100101
10111110110110101000110010100110
00111110011100100111001000011100
00111110110110111011011010011110
10111110110001111011011110110101
10111100101111000010011100011111
00111110011100110100111001011000
00111110001011111011100010000001
10111110110010110011010110000001
10111110100011010001000110010111
00111110110111000010100100111010
00111101110100010000111010100010
10111110001001111100100100101110
10111100100000110100100111100110
10111101110001001101001100001110
00111101001011110100001110111001
10111110100101110100011011110000
10111110110011011010010010001101
00111101010000110111101100011000
00111110110001000000010001010001
00111110111010100100011000100001
10111101111010100011010101111100
10111110011110111100101000100110
10111110101100101011001000000101
00111110110100000011010101011001
10111110100110000111111010000110
10111110110001001111111101111101
00111110111010101011000010010111
10111110110001101101001100100110
00111101000001101011011011000101
00111110010110001111000110110101
00111110101111010011110011110011
00111110101011111010001110010101
00111110111001101101111010100010
10111110101101010001110000101010
10111110111111010000101111010101
10111110101010011011001110111100 00111100100010101000010010000010
00111110001001010011111011000011 10111101101100011110110100110111
10111110001010111100001001110100 10111110111101111110100000100110
10111110001011111010010111110100 10111110110110011011011101001111
10111110100100011100000000100010 10111110111111010000001011110010
00111110101001101111001100011000 00111110011010011001000011100100
00111101111110101001100010011000 00111110001000010011001101100101
10111101100000100100000000011011 10111101011111111110011111100100
00111101101110110110111101110010 10111110110110111100100110000011
00111110010011100011101111110111 00111110011001010101000111111100
00111101000101100001011010111100 00111110110111111110100111101111
10111110101000001101011010111111 00111110110000001100111100100001
00111110111110111100011100110001 10111101101001100100011011010100
10111101100110100010011110101010 10111110111101100111010111110000
10111110110010001000101000010111 00111110101101110010011101001011
10111101111010101101100111100000 10111110011110100100111100001011
10111110101010110000100000000111 00111101100101001111000001000101
10111110001001000110010110001000 10111110011011011110010110101001
15
10
12
15
3
0 0
00111110001111101110011100011010
00111110001001010001110010101101
10111110100100011010001011001110
00111101111010000110110000010110
10111110010000010011011010101001
00111110011001110000011111011110
00111110110111100000101100111100
10111101101011111010110110111100
00111110111000110000001101001110
10111110101011100001001010111010
00111110111111100001101011100001
10111110100010000011000101111110
00111110001011011011101001010000
10111110101011111010110010000000
00111110101000011001000001011100
00111110110011011101010011111111
00111101110011111111010101011001
00111110110110001010111111110001
00111110010111111111110100010100
00111110000110100111110100000011
00111101110010100100111001001011
10111110100011111000110001100100
10111110100101111100001101000110
10111110100000110011101111100111
10111100100010001111000101000001
10111110011001101000101111101111
10111110000110100000001010010010
00111110111011000010010100000110
00111110111010001010001000101000
00111110001011111110111010101111
10111110011111111001100100000011
00111110110000111101100111011100
00111101110101010010000001111001
10111101001100110101000100101001
10111110100111110001010001101001
10111110100010010100110100111010
00111101100010000001111000011110
00111110111101111100001011110110
10111110110010001010000011101111
10111100100100101101110110001010
10111110101101101010011110010111
10111101100101101110111101010110
10111110110101111001111011101001
10111110111011100110001111100000
00111110110110101100101111111000
00111101100000000101100110111001
10111110100001000100100000001101
10111110111101110000000001001110
10111110001111010011110001011100
00111101101111110101110110000100
10111110000001111000110111111110
10111101010010100111101110010010
00111011011101011000101011001110
10111110101000110100110111001101
00111110010111101000100101000110
10111110011111110000000110100110
00111110100110110101110100100110
10111101110101111101111000011110
10111110100001010010000000100100
00111110110111110100101101100010
00111110110100000011011110011100
00111100101011110011011000000110
00111110111100001110100010100011
10111101010110111111100111011010
10111101000100010001000001101100
00111110101101110010010011001111
10111110101100001111110101101101
00111110110001000011101000101010
00111110110111111100110110100010
00111110111010100100111101100110
10111110001011000000111011001110
00111110100010110000001001101110
10111110101101111011011001100011 10111110100010000101001011110010
00111101001100001011000010010100 10111110011100111100011110101101
10111100100001011010111110001010 10111110011100100100100001110000
00111100110010111100010001001100 10111110100010101111110111010110
10111110011011011111100101010010 00111110101100000001110011011111
10111101100101001010110001011101 00111101110011000010101111101010
10111110100111111010010101101011 00111110101010001010001010101011
00111110101101111000000011110110 00111110111001001010101000100001
00111100011100101011000011000001 00111110010110101000111010011101
10111110111101001111100011110101 00111110110100011010000000000010
10111110000001111001010111011001 10111110001100001100100101001110
00111110000100101111000101100100 10111110000110000010010010110101
10111100011010110100001111001100 10111110110010001111000011100110
10111110000000111111100110001010 00111101111000011111010110110000
10111110101101101001111101101010 10111110000001000101100100100100
00111110011011001010111010111000 10111110100100001101111000001011
00111110111000110110100010010111 10111110010101111101101100010010
10111011100001100001001101110010 00111011100001000101101010110111
10111101110000000100101011000110
10111110001010010000011000010011
00111110101110111101001101100100
10111110010000001111000010000010
10111110010001110010001011100010
00111110010000010001101101111000
10111110110101100100101111001100
10111110101101100010111101010110
00111100110100011100100000100010
00111110000100100111110111100100
00111110110010000000001100010110
10111110110000000001011110000110
00111110111111010010010000101101
10111110100000111111011010011110
00111110111100110100010000111101
10111101100100001101111101000010
10111110100000001101001000011100
00111100010101001111100100011110
10111101010001100001011000111100
10111110111111110101100000100000
10111110111100000000000111110000
10111110111101111001111100111000
00111110111000111001101011011111
10111110110101001101101000001011
00111110011111001010100110101101
10111110010101010100100011101110
00111110101000110010010011110100
10111110011011011011011110100000
00111110101101101000100001101001
10111110100010111111001111100010
00111110111100000111101111000011
10111101101000010111110000011010
10111011110011010100011001111111
10111110010011001101111100101101
00111110001110001000010110011000
10111110010100100000000011101110
00111110100110111111101111101100
10111100111011110100011100011001
00111101101001011111010000000111
00111101100010000101101101110101
00111110101000000101111011101010
10111110001111100000010101111010
10111110110001110110000011110111
00111110100110110101000110110010
00111101101111101010010001011110
00111110110000010111110011001011
10111110100010011100101111100110
10111110001110111001100110100001
00111110111001110000100001100010
00111110100011101011010100010000
10111110101110010110111100000111
00111110100000111100010110011001
10111101100101000000010101011010
10111110001111000111110110010111
10111110000110101100001000111000
10111011101110010100110010100100
10111101110011011000100110011110
0 3
00111101011001011001101000011100
10111110110000111011010101110111
00111110100000111001000111111010
10111110101011000000010001100110
10111101011000011001000110111001
00111101011001110001111100101100
00111110110111000011101111100000
00111110011111000101010001001001
10111110101011000010101101001001
00111101111010101111000011101000
10111110110001100100110010001010
10111110100110100110010011101011
00111101011101011101110100100000
00111110100011000001100010011101
00111110000010010001110111000110
10111110100000010100011110100000
00111110011101111010001010100001
10111101001000101011110000001111
00111110010110100010111010001000
00111110111011011100101101100000
10111110010100110011111100000011
00111110011110110101100011011001
10111100011010001110110000011010
10111110111001011001111100111010
10111110001000101101110001011010
10111110100111000001101110011100
10111110111100001111110100000100
00111110001100001010111101111101
10111110110010011000001110100010
10111110111010010011011001011101
00111110000100000111000111101000
10111110000111000010100111110011
10111110110010011000000100111101
00111101010001101110001011111010
00111110111001011101111011001101
00111101110111011101111011000010
00111110101110000010001000001000
10111110000011101001000000011101
10111110101111101001001001010110
10111110101011001010111001111100
00111101101101001111010101100110
00111110101000010110001011101110
10111110101100001001001011011011
10111101110100011100000001100000
00111101101000010101001110110010
10111110011001111011011000100001
00111110010010111001011111000110
10111110110110010010110011010000
00111110001011100001110001110011
10111110101110100010101000111110
00111110000011110101001101000101
10111110010000111100111111100101
10111100110010000110011000011101
00111110111101010000101111001000
10111110101011010100010111111101
10111101101100100101001111100000
00111101100010010001010100000001
10111100100111111010110101101011
00111101101011000111101011110111
00111101110101111000111010101100
00111110110010101111011010111000
10111110011111111000101110110010
10111110101000001010111111110010
10111110110001100101011101011100
00111110100011100111101010010010
10111110001011001101011000000111
10111110000111101000100111111111
00111101111001110100001010100101
00111110010110111100100000000100
10111101010010100011111110010111
10111110100010000000100100111101
10111110100001011100101110001001
10111110010010001110010011000111 00111110011011001110110011111011
00111110000010101001100111011100 10111110010001101101101110110010
10111110101011111000100110010000 10111110111101110101000011111100
00111110110110100011011101010000 10111110101011010100110001010000
10111101101010011011000000110011 00111110111101101101010010101110
00111101110000101010100000101001 00111110111010001110010100010111
10111110110101111001100011001001 10111110100101111010001110110101
10111011100001100111101010000111 10111110011011001110001110010001
10111110110000101000110001011101 00111110100111001100101010110000
00111110100000110111010111111010 10111110101011101000101011111000
10111101001011010011001101100100 10111101111101010000101001110101
10111110110110111000100101001010 10111110011101011011110100101100
00111101101110111010011101100100 00111100100100100000101011100001
00111110100110101001011011011000 10111110010100111011000111110111
10111110100101110001100010111011 10111101110011111010100010010101
10111110011101000100000011011010 00111110010100111111101110110010
10111110001101110110101001011001 00111101001100010111110110101010
00111101110101000001110100001111 10111100000110001011000010001100
00111101111010100000010101101100
00111110101101001110001001111011
10111101000010000011100101100101
10111011101101101101000100111011
10111110111000000000110001010001
00111110100011110010100101110111
00111101010110100001001101000101
00111110010010101001011101101111
00111110101111000101101010010101
10111110100100011100110001110011
10111110011101100010011000100101
00111110101101111010110000001100
00111110101011010011110011111011
00111110001111111111001010011001
00111110001100001000000001001110
10111110101101000100011011010100
10111110111000011011001010010101
10111101111001111010110111101011
10111101111011000111001101011000
00111101101010001110000010010011
10111110100110000110000111000010
00111101100011100010001111100101
10111110000001000011110001111110
00111110110000011101000011111100
00111110000100111011111110011111
10111110000101100111101110100111
00111101000101010111011001101001
10111110001000100010110100101111
10111101111111101001100011111000
10111110110001101110110011010000
00111100110011011101100001111101
00111110111110000001101111000110
10111101101011101001000111110101
10111110110011011101100110111010
00111101011111000100001100110011
10111110111000001111001100010011
10111101000010111100100010111000
00111110011111100000010001000011
00111110101011001010100100000000
10111101110110100110001010001100
10111110101101010101000100001101
10111110101100011110010001010101
00111101110001101011000110010011
10111110100011000111011011010010
10111110010101011000110010100100
10111101100111110100100111011110
00111100001001100010100111101110
00111110100010010100001101110001
10111110010001110011100010100101
10111110111101010001001011000000
00111110110010100101110011111111
10111101100111011110111000010100
00111110110001001010110110101101
10111110111011101111011001000101
10111110001101111110110100000000
10111101100001011011111000101000
00111110001110011101000011010111
0 1
10111110110000010110011001100001
10111110110001101101000111011011
10111110110001101001110101101001
10111110100000100010111010111110
00111101111100111011110001111011
10111101100110000011010001110100
00111110110001000101010011110100
00111101000001100001000100111010
00111110110011110111000011010110
10111110111101111000010001110100
10111110101000001001010110010001
00111101011011000011000010001111
10111110011011001000100111001000
10111101101100101001110011100011
00111110110101110101111010001010
10111110110100110001010000000100
10111110000111101010001010001000
10111110000100000111011010011010
10111110101011111101100110101100
10111110010110010110101101111100
00111110101011101000001110101001
00111110010000011100000010101011
00111110110010000111010000001000
00111110111101001101101011000100
10111101110010100000101001000110
10111110110011111001000001101101
10111110100111010111110111110100
00111101110001111111010111101101
10111110111011001001001000010010
00111110111111011011101100110100
00111110111001100001010001110110
10111101101101010000101000001101
10111110101101101010111111010011
00111110111011110100100110110011
10111110111011101110100100111101
10111101001111101101100010101010
10111110110110011100011011101111
00111110111110111011110001010000
00111101000111111001001001011010
00111110000111001111100000010111
10111110000111010000010110110101
00111110000100011010110111111100
10111100111110101011110011000100
10111100111100110001001001010111
00111110111010011010101001101111
10111110111111010101001101010111
10111110100101110011111000100111
00111110111010001100011111100110
00111101010101110000110101011011
10111110111011101001001110111110
10111110001001100001111000101100
10111101100010111010101000101111
10111100110010101111010101000110
00111110010110010011000111010100
10111011110001001101101000010101
00111011111000000011000001110100
10111110110111101110111101011001
10111110110001110111111011001110
10111101011100001111100110100110
10111110100011111101111011101110
00111110000101101100000110101000
10111110110100001000110101000010
00111110110000000111001010000110
00111101110001110100110000111000
00111100100011100010110011011001
00111101101111001010101010100011
00111110011100000010101111000011
10111110101111010101100001101100
10111110010101000000011011001000
00111110100000011100111111111011
10111110010010000000101001110001
00111110100111111001101110110010
10111100110011110111111001110101 10111110111111100011000100001100
00111101000101001100000011011101 00111101001101110011011001011100
10111101111000001101011010111011 00111110110000011000100111011011
00111110110101111110011001000000 00111110101100101100100011110000
00111110010111100000011110011111 00111110000110101101000100110100
10111110110111110110001111110010 00111110110100011000101100100011
00111110011000101111100010100110 00111110111011111001010100010001
10111110110111110000110001101000 00111101101000101110100111011001
10111110011001011010110101010110 10111110101110000011110011101100
00111110010110101001111111001011 10111101111011000111000011001011
10111101111111000100111101101111 10111110100011111000000010000010
10111110110101111111011101110111 00111101100010110010100101001011
10111110111110010110111111011101 10111110010001011111000100010111
00111101101111000111100111011011 00111110101111010101010010010000
00111110011010111111101010010010 10111110111010010111010000010111
10111110001010010010011110000101 00111110101010110101000010101001
10111110101011100000111000011000 10111110010011010000011111111100
00111011011000000101010100101110 00111101101100001001010111011001
10111110111001111111101011001100
00111110101011000001011011000000
10111110100100001010110000111010
10111110100010111011000001001001
10111101100011110001100110111010
00111110100100011100010110000010
00111110000011001010101001100111
10111110110101101111000101111100
00111101000100010111110000100101
00111110000111010001000001111000
10111110100111110010110011011011
00111110001101110101010010010010
00111101111011111111110101100110
10111101111100001011101010000011
00111100001001000111010011111100
00111110000111010000100011100011
00111100000101101101101101000101
00111110000010001110110010111101
00111101111110110001000011001000
00111110101010101101000011000011
10111110100101101011000000000101
10111110011100111101010110010010
00111110001101101001011010000001
00111101100110010111100010010100
10111110100110101110001011001000
00111110101110111001100001110100
00111110000001110101111011110010
10111110100100010011101101101010
10111101111000100110100110011010
10111101100111001111101010001101
10111101010001111101011001100100
00111110011100011110011111101011
10111110101010111010011011110111
10111110100111101010001101101101
10111110011000000011110101010111
00111101110111110101101100001010
00111110000000010000100100100010
00111110011011000111010000011111
00111101011110101010001010100010
00111110111110111010101010110001
10111011100010011100110110110000
00111101110000010000001001000110
00111110010000110011001101000010
10111110100110110101101001110000
00111110111101110010010001000011
00111100001011001010010111100000
00111110110000010001011100011010
10111101100111101100111001100111
10111110001010010111000000010111
10111110111000000010011001010101
00111100010011001100001101010110
10111110001000000001001100011100
00111110111111011111001011001010
10111101010101001100001100110101
00111110111110001011011101010011
10111110011110001110110000000101
10111110101011100010011111010111
