00000000000000000000000000000110
00111110100001010001110101011111
00111110001111011011001000011011
00111111000011100000010011001010
00000000000000000000000000000011
00111110101010110010100010000001
00111110101010100111000000100000
00111110101010100110011101011111
00111110100111011111101100110101
00111110110000100110011100100011
00111110100111111001110110101000
00000000000000000000000000000000
00000000000000000000000000000100
00111110101011110011101010011101
00111110101010100110011001111111
00111110101001100101111011100100
00111110101010101101110111111110
00111110101010100101000000001101
00111110101010101101000111110101
00111110101010110000000001001110
00111110101001001110011100101010
00111110101100000001100010001001
