10
0 3
10111110110110101010000111111000
00111110010010101010000001101101
00111101100110110101111100110100
10111110001100000001000101001101
00111110011110110111110000111111
00111110011100010000110100001101
00111110001000011000111100110011
00111110011000000111010110100101
00111110010000011101001011011110
00111110010100101100111101000111
00111101110011000000010111010001
00111110110011000000100100111010
10111110100110110001000010111100
10111110110100101110011101000011
10111101000000001101001111000001
00111110110000110111101111100000
00111110100000010001110100011001
10111110000101101001000100110100
00111110100000100101111110100101
00111110110101011001010001111010
10111101111110000111011000110011
00111110000001110000111011010000
10111110110001111111111111001010
00111110111001010100000000000111
10111110101010100010001001000111
10111110010001001110001111101001
00111110110010110011100100100011
00111110011101111101010101011101
10111110101101110000001011010101
10111110101011111100001001010010
00111101101100110110101101000101
10111110110000000100011111100100
00111110100110000100011101011110
10111110011100100101110010101000
10111101100000100111010110011000
10111110000110100100110010101001
10111110100000100010110100001011
10111110000001011001000010011000
10111110010100101001111000111000
10111101110110111001000100000110
00111110110111011010110001000000
10111100011000011001011000010011
10111110101011111010110110100111
00111110111100101110001111000111
10111110000000011001000111011110
00111110100110000111001111001111
10111110100010010100100100110110
10111110110001010110101010110110
10111110110100011010101101101000
10111110001111110100100100011110
00111101010010001011100100010101
00111110101000100110011110101001
10111110011111011111000111111110
10111110111110110010111100011111
10111110101000000001000001010000
10111110001101011100001001011100
00111110010010101001101100001101
00111110010000001001111011100110
10111110101001111000110100000110
00111110111000001101000010101110
00111100111110100111111011011000
10111110110000111001011100111001
10111110011010100011100001010010
10111110001010100101011100110011
00111110110000110111001101110111
00111110100101001111110000110000
00111110101011100110110001100100
00111110011011111010010000101100
10111110010110000000010011001111
10111110000101010000110101000101
00111100100110111100110100000001
00111101101100000001001001000101
10111110001101100000011010001110 00111110111001110110000111011101
10111110111011010011100100111110 00111101101000010111110101100000
10111101000011010001110101000100 00111110111110011110101011110100
10111110100010100001111010001001 00111101111010100111111101010100
00111101111110110111111001001100 10111110010100011010110100110001
10111110011011001001000110010010 00111101111001011011010101100101
00111110001011000001011100001111 10111110001110110001000010111011
10111110111110100110010001010110 10111110001001101100000110000011
00111110110111110101001001100001 00111110101110011101010111011011
00111101001010011001110101110010 10111110110111010110001100111001
00111100001110000100110001000000 00111110100101001101000101010010
00111110110011100111110001001011 00111110110101000010010101001001
10111110000100101101000100011110 10111110111110011000111101110100
00111110110000110011000001110101 00111110111010000110010001100111
10111110101100101100101101100101 00111100111101011101001001101111
10111110101000010010011011110001 10111110110111011100111110110011
00111110100100100000101001011111 10111110011110011011010111010110
10111110110011000111011010001100 10111101000110100111011111110111
10111110100011111011111000101001
00111110000000100101011010111001
00111101111101111001000110101000
00111110110010011100110100000000
10111110110001100011010101011010
00111110110001010100000001010010
00111101100100001110001101110001
10111110000101100001011101001011
10111110100111001001111110001101
10111110010011100101001101111000
00111101110100001001010100110000
10111101000001100101100010011000
00111110101101111111001000000110
10111110001100001000100100110110
00111110111111001000001111001111
10111110101010011100101100111000
00111101111000100010011000111001
10111110101110100100110001101011
10111110110100010101101000011010
10111110111001111101000111111011
10111110100010000011011100110110
00111101001111101100000101110100
10111110100111111111000000010100
10111110010111110000010010101100
00111101100010111101111011110101
00111101010011000111011100000001
10111110000111000010111100111011
10111110111110101000110100010101
10111110000001000000111011010111
00111110011011001010011001001101
10111101010111010110000011100010
00111110010101000110001110110100
00111101100110100111000111010101
10111110111110101010100001010110
10111110100001110110001110101111
00111110101110000010110010000111
00111101111100100000001101111000
10111110111001000000001110011110
00111110110001110111100100111111
00111110100011011010101110001100
10111101110100111010001010110011
10111110011011001011000101010101
00111110100011110011111110101001
10111110110101101010011001011101
10111101011100000010000000111001
00111110001100100101110001010111
00111101000000011010011011100000
10111101011101101101000001010010
00111110011001010011110100100010
00111110101000110110111010111110
10111110001010101111110000111100
10111110100100110100000111100001
00111110111101100100101000111000
00111101110111100110001110010001
10111110101000111000011110000010
10111101001101101010011001101000
10111110011111010110100111101001
1 1
10111110100010110001010100000100
10111110001100111000110010000010
00111101101100000110111100101100
10111101100101111000001100001110
10111110111010111111001001010000
00111101111101000011011101111010
10111100101111101110110110111010
00111110001110011110001011100010
10111110111110110011110101011001
00111110000000011110101100111100
10111110101101111001110100011100
10111110011101000011011011011000
10111001101111100000000101011011
00111110010101010111001000110010
00111100100110110011110010000101
10111110100100111111011101000111
10111110111111000110101010011011
00111110101100110011111011010101
10111110001101000100000000000110
00111110000001010010100000111110
10111101100100100100111001111110
00111110110010011101111000110111
00111110110011101110000010001001
10111101101010010100101010101010
10111110111101111111010011000011
00111100101101110001011001010110
00111110100111101000000000001101
10111110100110011101001010110001
10111110100101111111100111101110
00111110101011111011001011110000
00111101101100110111001111000001
00111110101000110011001011000100
00111101001000010001001100101110
00111110001001011100001011010101
10111100100001101011101110101001
10111110111011100010001011101010
00111110001110100011011010010000 00111110010010110100111100011001
00111110011010110011111011001011 00111110011110110110101111100011
10111110111111010101001011000111 10111110101111110011101110100110
10111110100011000100001000010100 00111110100101010010000101001001
10111101100111001101001010010000 10111110110111100110011000100001
00111110100101110100011010011011 10111100000111011011010101001110
00111110000001101001000000100111 10111110100011011101001101101110
00111110000010010110000100110110 00111110101011100001111000001100
00111110110101111011101110010001 00111110100110010101111001011110
00111110101100011000010110010011 10111110111001101001111010011011
00111110111000010111110010101100 10111110000011100101101001110011
00111110010000001101100110010010 00111110010000001101001000111110
10111110000111111101101111110110 00111110011101110111001000011010
00111110101110001111101110001000 00111110110111101011000001011101
10111110000101110111100111101011 00111110111000001100100010110001
00111110100010111000110010011100 00111110110011000111111000010001
00111101101111110000010000011000 10111110110011100111100110011100
00111110111010100000100001011010 00111110000011010011000010100000
4
2
2
1
3
1 2
10111101111110110011001110110001
10111110000110110001000000000100
10111110101010100000101110111111
00111110000011110001100110011111
10111110111001000110111010000000
00111110101101001001101110000010
00111110010001100010111001011110
10111110101100010011100111011000
10111110011100100000110110000101
10111100100011001111111000001010
00111110110101010110000000010101
00111101111100111001111010000110
10111110110011000001001100100111
10111110100110000001010101010110
00111100101111010111011011111111
10111110110110101011100011001101
10111011111101110011110100001101
10111110101101111100110110011100
10111110111000100111001001110110
10111101101111110110010011101111
10111110111110000101111011110111
10111110010010001111111100110010
00111101110001110110110001010101
10111110011101000010111111101100
10111110011000101110011111110110
10111101100111101000010111101000
10111010000110100101011011001001
00111110000000001110111111101010
10111110001000010100000100101101
10111110011101010110010000110011
00111110010010011100100110010101
10111110000010110111010000000100
10111011111110101111010100110011
10111110110100101001001111100000
10111110110001100100100011010001
10111101110100001010111110101010
10111011110101000001101100001000 00111100100010100011100101011000
00111110101110111001111001111100 00111110001010110010110100010001
00111011001010110010000001000110 10111110110101001000101001010111
10111100011010000101011000100001 00111110100000001110110010111111
00111101100000011111110010110010 00111101101100010011110011101101
10111110111111010001100000101101 10111101100110110111100010100111
00111110001010110010110001001101 10111110100010111100110101000011
00111100001100100011100101101011 00111110001001111011111011010101
00111101110011011010100011011101 00111110001100110110111100101000
00111110100000100001011101111001 00111110011000010000101110111111
10111110111111110010111111010101 10111110110101001010101111100000
10111110111111111010010011001100 10111110010111000110111011011001
10111110111111101011011101000010 10111110111010101000100000100100
10111110111101110101010100100001 00111101000000001001001111110100
00111110010010001111000011110011 10111110101100011011011010011101
10111110110111101001011100000000 10111101111001100001110000000011
10111110000001101011011010000001 00111110101011011011111010111010
00111110111000011110111000110001 10111110101101101100011110000100
1
5
3
3
2
0 0
00111110000000110110001110101000
10111110000000010111110111010011
00111101011001010110011010110001
10111110101000001000011001011100
00111110000000100001001011101101
00111110010101001000100110011001
10111110101101110111000010101110
10111110010111001011110011011101
00111110100111110010011010100011
00111110001110100100100101001000
00111110100100000110000100111000
10111110100011101011110010011111
10111110110001010000110111010100
00111101101101000010100001100110
10111110111010101001110111101110
10111110100101000001010000011100
00111110101000100111001010000101
00111110011100101001101010010100
00111110100101101101000100011010
10111110010100110001001100111011
10111110111101111101010100001001
00111101011111110111010011000100
00111110111001110111011101110010
00111110101000010010010110010011
00111110110100110101101110101110
00111101101100001011000101001110
10111101111111100011111101001010
10111110100101100100100000101000
00111110110000110110111100010101
10111101000001011111110110100110
10111110111101111101001001001011
00111110001101011011110100010101
00111101000000100110101101010110
10111110111101110101101100001101
10111110101011010110000100101100
10111101111000001111100011001011
10111110101101001101000100100010
10111110101010001000000110110110
10111110010100000111101110110001
10111100100100111011011010110110
00111101010101000110011001101000
10111110000111111011010111111110
10111110001111111110100001111000
10111101110011001001010111100011
00111110010111000011011111001001
10111101110010010111101001011111
00111100110101101000101001011010
10111110001101011101100001010100
10111110101100000000000011011101
00111101000011101101100000011100
00111110010111010000110000000100
00111110111110111110011101001100
10111101100111011011000100101000
00111110110010001000110000101111
00111110001000111101001011010011
00111110111000101000000010111111
10111110011111010101110010001101
00111110101101101010011011101101
00111110110101011000111100000011
00111101101100001011111000111100
10111110111011100111000011111100
00111110101100101110110001011001
00111110101110010000010010100111
00111011101101100100010010001011
00111100100110001111011100111000
00111110100110110011011010111100
10111110110000000001100101110000
00111110010111101010010001111100
00111110100011101010010111010111
10111101101010111001001001110010
00111110101111110010110110111011
10111110001001001001111010101100
00111110101100101110001000010011 00111110111111110000011000111110
00111110110001011100101000010001 00111110011001110111010111000001
10111101111111000011101100100100 10111110010100011000001000100011
10111110111100000010100000001111 10111110110000001110110001000111
00111110110001000010101100011100 00111110111010010000001001110111
10111110001111001111001011101010 10111101110011000001011010110011
00111110101110010011110110110110 10111110011001111100010010111111
00111101010100000001011111101101 10111110110101000111011110010110
00111110010110101100001000101011 00111110001011011101110010000010
10111110000111000001101100001111 10111110111001111011000101100101
10111110110010111011010010110101 00111110111110000111101100110110
00111110011010011101001111001110 10111100111000110111111100000010
00111110110110100111001001101110 00111110100110101101000010001100
10111110011111000100010001100010 00111110110111101110100010010111
00111101011100100100001000001100 00111110100000011111101110100000
10111110100101010101101000001111 10111110100011110100011000111010
00111110111100111011100111110110 00111101100000111110101100101010
00111110100000001111011100101001 10111110001010101001011100111110
10111110110110011010111111101110
00111110110101011001111100100101
00111110101000111101111111010010
00111011011100101101100011010001
10111101100101100111011000000001
10111101011001111100110111110010
00111110001100111101001110100100
00111110111110111011101011010001
10111110101111110001111010001111
00111110001100010010001010100001
00111110101001010100110110101001
10111110011100010011010000011011
10111011101100101010010001111111
00111110110111001100111111001011
10111110100110000011001000101010
00111101011001011000101010110101
00111110100011111001000100010010
10111110011000110010010101001010
00111101101011101101101111111110
00111110110011010111101111101111
00111110100000000001101010100101
00111110011111011101010101101010
10111101010100000110000101000000
10111110110010111001001001000100
00111110001011011000001000001000
10111110001011111011010111111001
00111101010001110010110101001100
00111110110111111111101001101110
10111101111001110110010100100000
10111110110011001110100010111111
00111110100100011111100010110011
10111110111110101100111100111010
10111100010000110100101101101010
00111110011101100111100110100111
00111110010100000011011010101111
10111110101011011100111011101010
10111101011110110011000010101000
10111110110100000100010111001000
00111110111001110101000000101100
00111101010111110011010010011011
00111110111100101110010011101111
00111110000100111100011101101111
10111101111010100000011010010111
10111101101111010011110001101111
10111110110111001000001010101100
10111110101101001001100111111001
10111100001101100101111010110001
00111110001011111001011101100001
10111110100010101011100100000001
00111110011111101001100000110110
00111110011101110000011111111111
10111110011111101101101011101010
00111110010001011100100110111000
10111110010000000100010000100001
00111110111111100011001011110101
00111110100110101011111011011110
10111110011100001110101101001011
1 2
10111110101100101111001111011010
10111101101100101110110010001100
10111110110110110000001101110110
00111101101001110010000011001010
00111110101011110100101000001011
00111110101001011000101011001010
00111110011101001000010101000000
10111110111011100100100000100001
00111110110110111101011100100110
00111101001000110110110101011111
00111110101111000110111110110001
00111110101110100100001101001100
00111110010010001000011000110101
10111110110101100100111011000100
00111110011101101011101111101100
10111101101001000000001011001011
00111110100000100111111010000011
00111110100100001000100111001100
00111101011001101101110001101011
00111110110000110111010110111001
10111110011100100001001001101010
10111110010100001000110011010001
10111110110010001010000001010010
00111110010001111111101100111000
10111110111011000101100010111011
10111101111001010110001010110001
10111110101011111111001010101010
10111110111100101010010110011001
10111110110001000101011001001011
00111100011010011011000111000100
00111110010010011010000001110110
00111101111110001111000100110110
10111110000000001101110010001001
00111110100000001011110100100010
10111101101011110001101000011000
00111110110111010001111000000111
10111110011100110100101100101111 00111110100001000100111001000100
00111110100101000010111001101101 10111110111100001000110010101110
10111101110011000111101000000110 00111110000101000010111101110010
00111110000010100010100110110010 10111101101010110110111000100000
10111110010110011101001111100110 00111100100110010110110011111101
00111110011100010101010011101111 10111110001100001110001000001100
10111101000011000011100001100000 10111110110000110000011110111001
10111110110010100111111010001011 00111110111001000111101111111100
00111110101010100001010111111101 00111110101111101000000101101000
10111101000110100101001000111001 00111110111111010001110001111000
00111110101100010000011001111110 10111110011110001010111100010010
00111110001110110010000000001110 10111101011011101111101100111111
00111110111001101001010000101001 00111110010000100011100111000111
10111110111100101011010110100110 00111110100010001101010111000111
00111110011001000000001111100001 00111110101101110001111001000011
00111110110010011010100110001010 00111110100100110001011111111010
10111100100011001101010100011110 10111110111100011101001001100100
00111101010000011011110110101110 00111110100110011101101011111001
10
1
2
2
5
1 1
00111110000110000100011100000111
00111110001111000111111000010000
00111110110011000110011100011100
00111101111101111011000101001110
10111110100101011001010010000000
10111110100101111101100100010011
00111110100110100100101101000001
10111110111110100010011011000010
00111110100101011100011010100011
00111110101000000000101111001001
00111110101110101000000000101010
10111110001000001001110110000110
00111110111000011111101101111001
00111110111010100111010100011110
00111110111000010001000011111000
00111110110111010011110110110011
00111110010011111010101001100000
00111101100011100110001101100101
10111110000101010110110101110011
10111100111001000100111011011101
00111100110110101000011110110011
00111110001000001000101000101011
00111110010010010011011010110011
00111110110010010000101111110000
00111110101101111110001101101101
10111110101011100111000001111011
00111110111011111100101000011010
00111110111100111001100110000010
10111101100111111001110010001010
10111101101001100010000010000111
00111101111111011101010111101011
00111101110101111011101100000111
00111110001011011000011101101100
10111110010101111001000010001001
00111110000000100000011010100001
00111110100010100010011101110011
00111110010111100100101100100111 00111110101111000101000111101111
10111101110111000001110100010110 10111101001101111010101001001011
10111110001001101100100100110110 10111110111011101010010101010100
00111110010101010011100101111111 00111110111100101101100110111110
00111110010100101111011000111100 00111110110100110000000100100001
00111110101011110110110000111101 00111110111010111001110010110111
00111110101011111010000011110100 00111110111101001000000010000101
10111110001011101110001111000000 00111101100000010010001010001000
10111110000000110111101111000011 00111110010100001110111100011010
10111110110010001100001110100111 10111110111100110011101011001001
00111101011011011011101001001001 00111101100100010111110010000001
00111101101000101000100011011010 10111110101100000100100101110101
10111110100111011011110111010110 10111101111000101111101111111111
00111011001110101011111000010010 00111110100110010000111111111100
10111110111101110000000111101100 00111110001110011011011001000110
10111110111011001001001011111001 10111110110110100101100100100001
10111110000010001101100111001001 10111110110100110101001110011000
10111110110000010000111010000110 00111110101101101010000011010000
8
1
4
2
5
0 3
00111110111011001000101101111111
10111101000111111000001010111011
10111110011111011110101001101111
00111110111100110111111010101100
00111110011010001111101000111101
00111110010100100100010000001001
00111101110000000001001101100101
10111110111110001001010101001001
00111110111111001100010101111110
00111110110100110101101111101110
00111110100100100001111000101101
10111110101101110010011100110000
10111110101011010111110001000100
00111110111011110100110001001011
00111100101011100110100011001110
00111110111011110101011001010111
10111110101011001111111110000000
00111110010000111011010101110111
10111110100001111001001000000010
10111110111000110100010000100000
00111101100011010011011101011110
00111110100010100100000011000111
10111110111011001010001101011101
00111100110000011110011100110011
00111110110111111110111011110011
00111110010000100011110000111100
10111110001000100011101100000100
00111110111001110111110110111101
00111101010111001101111010010000
00111110001111101100000111110010
10111110101110101110111110011111
00111100001101110101101111110001
00111100111000100010011000010011
10111110001010101001110000110111
00111101101000010110000100010101
00111101011000100011101111010111
10111110010101111000011000111000
00111110100010001110000011001111
00111110100010001101010011001011
10111110101010001001100001111101
10111110000100010000001111001110
10111110111111001100011101101000
10111110111000110101010001011100
10111101101010001111101011010001
10111110100110001110011100011101
10111100111010010101110100010111
00111110101011101110000001011100
00111110000011011101111101100110
00111110011000001100110111101101
00111010000100110100011110000101
00111110010100000111001110010010
00111110101011001101100011101110
00111110100100100110110001110011
00111110111001000100110001110100
00111100110001101010000110010000
10111011100010010101100110000111
10111110011000001100110111111111
10111110001000110010101111011101
00111110010101110001011010011100
00111110101100001101010000111100
00111110101010101001010011100000
10111110000010110101100000101011
10111101101001101100001100110100
00111110011010110100010111001101
00111110111011101111010110101110
10111110010111110010100111111101
00111100110110011011111110011101
10111110000011110101001010101010
10111110110010101011000000001111
10111101100010011000000110100100
10111101110011010011000010111010
10111110100111110001111011101011
10111101100110010100111100001101 00111100110111101010100110010111
10111101010010000001101111101011 00111110010011010000111101011111
00111101001100001101011111111101 10111100001011110001101100000011
10111110001110111001101100000101 00111101110010111111110001100111
00111110010111111111010111000100 00111110111010101111101000101001
00111110001101100110010011101001 00111110110110110001011001011000
10111101101111111011100101010101 10111110110100101101011010011011
00111101101111100000001010110111 00111110010101011010100010101010
10111110110001100110000100001101 00111110100010010001010111001110
00111110111001101001010100000100 00111110000001011101110111000001
10111101110010101111111110101000 00111110010100000111100001101000
10111101010001100100100101001100 10111110101110111000010111101111
10111101111101110101010111111101 00111110101101001001100101001001
10111110010010011000101011000000 10111101011111100111011000001110
10111110100110100010000001111101 10111110001001001111101011000101
00111110101011000001111010000111 10111110100110101000110110010110
10111101000110100000111000101010 10111110100011100000011001101110
10111110010110000111110110101101 00111110101101011111100010001010
00111110100001000101000110011111
00111110101111100100000101011110
00111110101111000110110010110001
10111110100101111010001110111110
10111110100111110000000101010101
00111110100101010101101011101101
00111110100111101000011000001110
00111110111001011110011101010101
10111110100000101000100011100001
10111110111010111001010100000011
10111110110001000100101100010100
10111110010010011000001100001100
10111101011001111111011001100100
00111110000000001001101000010000
10111101101011110101001100011100
10111110111001000110111010100001
00111110011000010000010011011100
10111110011101111000100000010101
10111100100000100110011101011111
00111110110000010110011010100011
10111101010011010101011000111010
00111101110011100100000000010110
00111101110110011110001110001110
10111100100111011100010001101111
00111101010110011000100000100000
00111110111000110000100111111011
00111110111110101101111100000011
00111110000100101111011101000101
10111110011110110100110111110001
10111110010001011001101001010100
00111110100110001101101010101100
10111110011101010111101101110100
00111110001101110110011100101001
10111101101001100000011111001001
00111110111000110011111001110100
10111110011000011010000010101010
00111110110111011010100000111100
00111101000011101010111011100010
10111110011000111011011000010011
10111110000001110000010000101110
10111110110100111101100001000111
10111110110110110011010001011110
00111110111110001111101011110110
00111110100001000000100010110001
10111110110111111100001100001010
00111101100101100010111000110011
10111101011100001111010011010011
10111110101101001100001101111100
10111110111110101111100001110101
00111110110101001111010111000011
00111101100000111110110110011000
00111110010100001100001011000101
10111101110001011101000111111110
00111110000111001000100111101010
00111110010000000000111110100111
10111101111101100010100110001101
10111110101001010110000001010010
1 0
10111110111001100101010100000011
00111110101101100100011011111000
00111110110110111110011111011101
00111110101100110010100011010101
10111110011101110100110001100010
00111110111100111000010110011110
10111101000010111011001111111001
10111110111011001101001010111111
00111110000100011011101011111011
00111100100010010100100111011111
00111110001000010000100001111111
00111101101001010100101110010100
00111110101101110000111010010111
10111110101110001110111111101011
10111101111000110001001001010001
10111110100111001110001001010001
00111101011000010100000100100100
10111110100000011000101000001001
10111110010101111010000010101100
10111110111010110101000011011011
10111110100011011011010111100010
00111110100010111101011000101000
10111110010001100110001100100010
00111101111110011101011001000101
10111110101000010110011111100110
10111100111000000010011101111110
10111110111111101011100110111110
00111110110101100110110001110011
00111100110111101001110101001101
10111110011101100101010011100000
10111110001110001010001010000100
10111100001101011101011101011111
10111110111010011101101000101101
00111110100000111010100001101010
10111101000111101000101111001111
00111101011010010111000001101010
10111110010110100000111110010111 10111101011110010111011111011100
10111110010000110100111000000101 00111110101100100000101100111100
00111110110101110100011000010010 00111110000010111010101011011010
00111101110000101010100100011100 00111110010100101111000001001101
10111110000101000100011000000101 00111110111000101000010100101101
10111110011100000011001100111101 10111110011101010100001011001010
10111110000101101000100101011011 00111101111010011011101101000010
10111110100110000010000001110111 10111110100110100101000111010001
10111110110000101100000100001111 10111100010010001010001010000111
00111110100011111110110100000110 10111110001110101110100100111100
10111110011010011000001111001000 10111110111011001110110100010010
10111110100001110001100110111000 10111101111011100001010001010000
00111101111111111001101010101101 00111110010110101001010000001011
00111101110101100001001101011101 00111110010100001101101101001001
00111110011101010010110110111001 10111110011110111010011000100110
10111110000011111101010100110000 00111110000011101101011010000101
00111110000000001010110100010100 10111110100101101110111110110101
00111110011001110101011111001010 10111110100111011110101100011111
8
4
1
4
2
0 1
00111110000101011001000000101101
10111110110001010111010110110111
10111110000010011010110010011100
00111110101000111001110101000100
00111110010101000000100000100011
10111110110101100100000010010100
10111110011001100000010110111101
00111110111001101110100110010001
10111110101100000000011110000101
00111101101100110110011110000100
00111110011010101100001000011000
00111101110000110101101000001010
00111110100100110010110111001000
10111110110110101111110100101001
10111110001100010011011010110100
10111110011001100000001101010100
10111101111101100011110100110010
00111101101001101010000001011101
10111110101101100011101001001100
10111101001101111001100111010110
00111110101111001010011101100100
00111110110101011110011010100001
00111110100001101001110001110010
00111110101001000110100001000111
00111110100110010000010001010111
00111110010011001100001101110110
10111101110100001010010001111010
00111101111010000001001010101100
10111110111001101000110101110011
00111101111000011011010100110000
10111101111110100100010110010110
00111110100011111001111101011101
00111110101110010001000000010010
00111110101000000110011001011001
10111100101011000011010011111111
10111110111110101001100111111001
00111110110100101000101100110100
10111110100011011000100110000011
10111110111000011100001101010110
10111110111101101111110011100100
00111110100110110110001011001110
10111110100110111000001010111101
10111101001110010001011111110010
10111110100011000101100101110011
10111110101100111111110111011101
10111110100110100101111000110010
10111110001000000110000000110010
00111101110000111001110110000000
10111101000011110110010011001010
10111101101000101001000001101000
00111110001110111100000100010101
00111101110100010011101001110001
10111100101010100110001111010001
00111110111100010110001001000001
00111100110010111000000010101101
00111110101100001001001111011000
00111110110100101011110101110110
10111011100010111111001101000101
10111110101010111001110110101110
00111110110110010100000010010100
00111110100001101100101000101001
00111110101000100011010010010110
00111100010000111110100100100101
00111100001001010010010011000010
00111101000011011010000011111100
00111110101010110001011000100101
10111110100010100101110110111000
10111110011000011001100100100011
10111110011000110100010101001100
10111110111000000101000000101101
10111110010100000100001001111011
00111101111010001101010101101001
10111110010100101010011111011010 00111101001101101111010010010001
10111101101011110000001111100111 00111110001000001010111111110111
10111101101001100101000100110000 00111110110110001111010010101010
10111110101001110001000101110011 00111101110010000101011110111011
10111110100001000110001001010011 00111100111111111011000110001101
10111110111010001110101011101100 10111110101100110000001011101000
00111110110110111101110110111001 10111110101000011100111111101011
10111101100101111010110101011110 00111101001011111000110000011111
00111110010011111001101011011010 00111110100011111100100110011010
00111110111010101110110001011111 10111110111110111011010000010011
00111110111101110110001011110000 00111110011000001111110011111010
10111101011100101100001110011111 10111110111111100100110011111100
00111110011010011011001111111010 10111110111011001110010101010101
10111011111110010101110111111010 00111100111000000111010100011011
10111110100101110111100000101010 10111110110011010000110111101110
10111110001011101100001101110111 00111110100110010011000100100001
00111110110101001001000000001000 10111110101001010110101101011110
10111100011001000000111100111000 00111110100110000011101011110110
10111110110000110110110010010011
00111101011001010111101100110001
10111110101001010100111001110001
10111101110111110001001011000011
10111110011110010000110000000011
10111101101000000000011010010110
00111110011101000111100010011110
10111101110010110100000000001111
10111110110010001101110111110111
00111101100101011000010000111011
10111110100000000100110110011100
10111100101011110101010111011101
00111110100101011100100111010110
00111010101011000000000111000100
00111110100011100010101101110100
10111110101001000001011001010000
00111110111001110011000111100000
00111101100010010011111101110001
10111101010100010001110000101111
00111100101101101010010000000000
10111110101011110101001011101001
10111110011111010011101111011010
00111110111100000001010000101011
00111110111110111100110000010001
10111110100101010011101101011010
00111110100010110110110000100101
00111110111111011011011100100110
00111110101100101011100010000110
00111110010101010101001010011000
00111110110111110010000011101101
10111110100101001000101011000111
00111110011101101110100011101100
10111110111010100000011110111101
00111110110001000000110011101001
10111110011000010010111000011111
00111110100110111010011110011110
00111110100010111000111000011000
10111101110010110010101011001011
10111110111001001011111000100001
00111100101101010000100110110001
10111101000101100100101001101001
10111101011000001001011100110001
10111110110101000100111101110110
10111110111100011001101010000000
00111101101110100000101010010110
00111110011110011111100101011111
00111110101110011100000111111000
10111100101000010100110100011011
10111110011110000011001111000100
10111110100100001100101110101010
10111110010000100001011111011001
10111110010111110011110011001111
10111110011000000110001111110011
10111110100111101100001111000100
00111110101101110111101001001001
00111101101100000011011110001101
10111110011100010011101111110010
1 2
10111110111011100000111011000011
00111001000010001011110101110000
10111110111100000111111010111000
00111110100100111001010111100110
00111110101111011101001100000010
00111110101000101001111010101110
00111110111000001111010010001000
10111110101011111011011000101011
00111110101011111101000010001000
10111101100011100001100100011001
10111110001010001110001010100110
00111110110111011010011010011011
10111100011010110101111011010001
00111110000100011111100000001001
00111101111010100111011000000000
00111110100000111111110001101111
10111110101101001011111011110100
10111110111010100011100010111111
00111100110101111011010111001011
00111110111111011011101101110010
00111110010100110110011010011110
10111110110001001000111101110110
00111110111111010111111011110010
10111100001011100100010111011010
10111110101100100011111111000110
00111110001011001011111001101000
10111110101000110111100000000011
10111110110000000001011110110101
00111110100101001011100011000100
00111110110010011110000100011000
00111101001100000001111100001100
10111110101001100010100011011011
10111110001011110000100010100001
00111110100101100101001110000101
00111110100001111111111001011010
10111110010010001100111111001011
00111101011101001010100111010010 00111101111010001101100101000110
10111110110000010001011011111010 00111110111000101100111111111010
00111110111011010000010100101010 10111110101100101101010111000110
10111101100101010101110011010001 00111110001001110011000100011101
10111101010101101110111101000101 10111110101100100110100010011001
10111110000000001000101100001001 00111101000100101101111001100110
00111110111110010000001101110111 00111101111010000111011000111100
10111110000001010011010000110100 10111110101101111100001011000100
10111110111010001110100000100110 10111101000100001100100101101011
00111110111011100110001101010111 10111110010011101001011101011101
00111110110001111001000100110110 10111110000000101001100101010101
10111101110100101101000000011000 00111110110011111011011001011010
10111101110001010000011000101001 00111101111110010000010111111010
00111101110111001000101011101110 00111110101101111010011011110011
10111110101011111000110111000100 00111110001001011111011110110110
10111110000011110110000011001100 00111110010010010000001100010111
10111110000010010100010110100011 00111101000000011011001110101100
10111110101101000001110100000011 10111110011111101101111110001000
5
2
2
1
1
