00111110101011010101000101101001
00111110101010000111111010010101
00111110101010100011000000000010
00000000000000000000000000001000
00000000000000000000000000000000
00111110010111111111110001000010
00111110110010001011010110010011
00111110110001110100110001001100
00000000000000000000000000000001
00000000000000000000000000000101
00111110101010011110101011010111
00111110101010110101010011000010
00111110101010101100000001100111
00000000000000000000000000001001
00111110101011000000110010011010
00111110100000101101100000001110
00111110110100010001101101011000
00000000000000000000000000001000
