>> 最終輸出: Reconstructed Frame (R)
[[193 195  55 208 165  92 207 155  74 225  62  57 182  83 120 145 183  60 165  98 225 148 195 142 221 219 194 196 167  27 100 200]
 [102 117  92 132  95  59 104 105  83 161  38  56  92 133 210  55 117  32  42 117 235 163 110 142 119 126  76 239  60 145 178 103]
 [ 52 132  57  82 135  94 189 145 196  58  61 143 115 130 133 152 164 189 199  64 199  87 160 232 229 166 116 249 123 158 165  40]
 [128  95  55  93 165  57 122 155 197 242 205  54 105 140 103 142 205  92  47  70 204  57  30 147  66  84 209 191  40 140 187  47]
 [108  31 168 111  86 102 225 193 212 223 206 109 179 200 170 139  60 233 236 153  68 161 214  31  69 191 126  24 185  43 118 160]
 [124 110  57  87  72 177  74 115  36 164 157 153 164 159 114 129 119 135 138 122  53  72  39  30 139 213 233 179 106 108  78  96]
 [107 177 150 144 155 134 157  72 163  87  54 206  59  44  49 174 217 233 210 194  60 149  42  63  39 113 133  79 176  98  68 166]
 [231  68 131 108  33 205 202 166 139 116 173 162 109 140 210  69  93 216 193  60 101  44 171  38 104  66  51 109 200 178 203 125]
 [195  89 212 118  77  65 115  87 128 195  70 218 213  23 186 160  41 198 133  71  27 173 118 132 174  45  18 217 164 122  42  39]
 [ 35  33  20  22 147 211 161 177  54 189  29 139 172 184 121 105 189  77  67 174  90 204 149 235  53 136 139 166 105 142  97  55]
 [102 120  33  15  87 231 181 117  69 219  59 104  25  81  44  32  94 147 137 129 190 224 219 185  46 199 176  33  35  97 202 185]
 [158 112 209  55  17  85 135  27  48 120  45  38 120  26 163 193 111  53 138 141 122 148 143  77 137  78 125 154  59 162 182  84]
 [173 209  86  46 108  78  75 201 171  30  77 148 115 181  48 218 178 115  40 173  89 206 141 154 215 217 194 232 223  57 160 130]
 [123 213 186 160  39 185  52 162  69 140 143  42  96  94  91  89  78  73 218 113  93  51  56  78  95 133 150  72 160 168 185 193]
 [ 50 176 223 113  42 172 165 139  82  43 120  29 139  61 184 106  73  98  93  58  78 116 171 113 217 155 198 220 123  55 198 130]
 [ 56 156  59 203 181 135 158 148 208 117 190 111 108 138  31  85 173  80  55 118 214  61 146 129  37  59  62  80  60 110  87 193]
 [ 49 143 198  64  99 123 203 154 141 180 113 204 177  81 186 162 216  84  47 143 110  14 107 167  42  51  34 199 134 198 148 164]
 [145  46 116 125 150 183  98  60  81 154 167 124 171  58  58 201  62 134  97 149 203 200  97  66 152 198  91  29 169  62 152 229]
 [125  56 126 205 160 178 143 170  64 167  54  81  58  75  75 188  99 127 164 212 206 197 220 143  89 131 198  92  99  62 152  59]
 [164 158 163 129 174  83 163  79 144 153 160 181 239 103 158 174  73 177 214  26 227  87 154 210  99 194  51 182  34 178 128  64]
 [204 203 125 216 148   7  60 150 164 118  71 117  89 137  92 129  99 175 152 172  84  62  75 141  74  33  36  87 100  48  68 195]
 [227 214 182 205 167  88 211  99 215 112 189  82 121 145  35  46 206  66  33 229 130 144 181 163 175 104  61  42  64 134  74  59]
 [180 197 239 132 164  41  38 122  52 159  62  45  29  18   8 104 189 153  46 186 183  61  24 190 122  41 124 215 179 154 194 124]
 [111 100 148 149 115  30  57  43 107 221  48 134  66 189 194 106  52  32  35 199 101 175 162  84 187  76 153 174 155 148  68 200]
 [165  82 223 176 191 106 161  36  58  80  87 145 175 225 223 178 157 100  75 207 226  98  91 199  43 163  66  66  54 116 149 167]
 [164  97  92 189 136 204 169 141 191 185 198 124  60 141 203  77  36  77  67 191 213 173  76 136 151 207 114 138 204  62 175 117]
 [ 81 214 235 132  84  52 167  39  64 218 205 171 187  48  36 130  41  57 147  46 136 196 173 133 108  84 117 221 237  35 122 124]
 [248  45 160 233 193 218 123 188 185  47  80  98 208 228 200  85 177 185 210 127 139 151 118  86  96 176  53  93 107 109 116 194]
 [112 124 149  42 106 180 220  61 130 147 104  97 148 168 215  75  69  97 200 192 138 185 102  85 101 210 130  91 210 107  54 167]
 [130 204 134  55 161 124 144 106  83 203 196 116 220 159 136 187 143 175 162  70 189 136 103 146 135 161 191 205 107 101 184 170]
 [155 134 164 230  46  64 184  41  66 226 193  73 247 156  59 240 130 102 115  83 206 103 196 189  75 121  51  45  90 204 161  27]
 [ 82  49  24 112 221 200 140 126 187 114 197 180 135 155 228  88 132 220 197 129 205 202 145  78  41 180 100 131 127 194 167 210]]