10000

0
100

1
001

2
010

3
100

4
100

5
001

6
010

7
100

8
001

9
001

10
001

11
100

12
010

13
100

14
100

15
100

16
011

17
100

18
001

19
001

20
001

21
001

22
001

23
001

24
100

25
010

26
100

27
100

28
100

29
010

30
001

31
010

32
100

33
010

34
010

35
001

36
100

37
010

38
110

39
001

40
001

41
001

42
010

43
100

44
100

45
100

46
001

47
010

48
100

49
011

50
001

51
001

52
001

53
100

54
010

55
010

56
010

57
100

58
010

59
100

60
001

61
010

62
001

63
010

64
100

65
001

66
001

67
100

68
010

69
010

70
010

71
001

72
100

73
100

74
001

75
001

76
111

77
010

78
100

79
001

80
010

81
001

82
001

83
010

84
010

85
001

86
001

87
001

88
100

89
011

90
100

91
001

92
001

93
100

94
100

95
010

96
100

97
100

98
010

99
010

100
100

101
100

102
001

103
001

104
100

105
001

106
010

107
010

108
010

109
010

110
010

111
110

112
100

113
100

114
100

115
010

116
001

117
100

118
010

119
111

120
001

121
001

122
010

123
010

124
001

125
010

126
010

127
100

128
010

129
001

130
010

131
010

132
001

133
100

134
011

135
001

136
100

137
010

138
001

139
100

140
111

141
101

142
001

143
010

144
001

145
001

146
001

147
010

148
010

149
001

150
100

151
010

152
010

153
001

154
100

155
100

156
100

157
001

158
001

159
010

160
100

161
101

162
100

163
001

164
100

165
100

166
100

167
001

168
001

169
100

170
010

171
100

172
100

173
010

174
010

175
010

176
100

177
101

178
100

179
010

180
100

181
100

182
001

183
100

184
100

185
010

186
010

187
100

188
010

189
010

190
010

191
001

192
001

193
010

194
001

195
010

196
100

197
010

198
010

199
010

200
100

201
010

202
010

203
100

204
100

205
100

206
010

207
010

208
010

209
010

210
111

211
010

212
010

213
001

214
100

215
001

216
100

217
010

218
001

219
100

220
010

221
001

222
101

223
100

224
001

225
100

226
010

227
001

228
001

229
010

230
100

231
010

232
001

233
010

234
010

235
001

236
100

237
001

238
010

239
100

240
010

241
010

242
001

243
100

244
001

245
001

246
100

247
001

248
100

249
100

250
100

251
001

252
010

253
110

254
100

255
010

256
010

257
001

258
011

259
010

260
100

261
010

262
010

263
111

264
010

265
010

266
110

267
100

268
101

269
010

270
010

271
010

272
001

273
010

274
001

275
001

276
100

277
100

278
100

279
010

280
010

281
001

282
001

283
100

284
100

285
001

286
001

287
001

288
001

289
001

290
001

291
010

292
100

293
010

294
001

295
100

296
001

297
100

298
010

299
100

300
010

301
001

302
100

303
100

304
100

305
001

306
010

307
001

308
100

309
100

310
001

311
010

312
100

313
010

314
010

315
010

316
001

317
001

318
010

319
001

320
100

321
001

322
010

323
100

324
100

325
010

326
001

327
100

328
001

329
001

330
100

331
010

332
001

333
100

334
100

335
001

336
100

337
100

338
001

339
010

340
100

341
001

342
010

343
011

344
001

345
100

346
100

347
010

348
100

349
100

350
100

351
100

352
001

353
100

354
001

355
101

356
100

357
100

358
001

359
010

360
100

361
010

362
001

363
100

364
100

365
010

366
010

367
001

368
001

369
010

370
001

371
001

372
100

373
100

374
010

375
100

376
001

377
010

378
010

379
100

380
100

381
001

382
010

383
010

384
010

385
010

386
001

387
101

388
100

389
010

390
010

391
001

392
100

393
010

394
010

395
001

396
100

397
010

398
010

399
010

400
001

401
010

402
010

403
010

404
010

405
100

406
010

407
100

408
010

409
010

410
100

411
001

412
110

413
010

414
111

415
010

416
001

417
010

418
010

419
001

420
010

421
010

422
001

423
010

424
100

425
100

426
001

427
001

428
010

429
010

430
010

431
010

432
010

433
100

434
100

435
001

436
100

437
010

438
010

439
010

440
001

441
010

442
010

443
010

444
010

445
001

446
001

447
001

448
001

449
001

450
001

451
001

452
001

453
100

454
010

455
001

456
001

457
010

458
001

459
001

460
100

461
100

462
001

463
100

464
010

465
010

466
010

467
111

468
010

469
010

470
010

471
100

472
010

473
100

474
100

475
100

476
001

477
001

478
001

479
001

480
010

481
001

482
100

483
001

484
100

485
010

486
010

487
100

488
001

489
001

490
100

491
100

492
010

493
001

494
010

495
001

496
100

497
100

498
010

499
100

500
001

501
100

502
100

503
001

504
010

505
001

506
111

507
010

508
100

509
111

510
110

511
100

512
100

513
010

514
010

515
100

516
010

517
010

518
100

519
100

520
100

521
010

522
001

523
100

524
100

525
100

526
010

527
010

528
100

529
100

530
001

531
010

532
100

533
100

534
001

535
100

536
010

537
110

538
010

539
001

540
010

541
001

542
100

543
100

544
010

545
010

546
100

547
001

548
100

549
010

550
001

551
001

552
100

553
100

554
100

555
010

556
001

557
100

558
010

559
100

560
111

561
101

562
001

563
010

564
010

565
010

566
001

567
001

568
100

569
010

570
100

571
010

572
100

573
100

574
100

575
001

576
010

577
001

578
010

579
001

580
001

581
010

582
010

583
100

584
010

585
010

586
001

587
001

588
100

589
100

590
100

591
001

592
001

593
010

594
010

595
010

596
001

597
001

598
100

599
010

600
010

601
010

602
010

603
010

604
001

605
001

606
001

607
100

608
001

609
100

610
010

611
010

612
010

613
100

614
001

615
001

616
001

617
001

618
100

619
001

620
001

621
100

622
010

623
011

624
010

625
100

626
010

627
001

628
010

629
001

630
001

631
010

632
010

633
100

634
100

635
010

636
010

637
010

638
010

639
001

640
001

641
001

642
100

643
001

644
010

645
100

646
100

647
010

648
001

649
001

650
001

651
100

652
010

653
101

654
100

655
001

656
001

657
100

658
001

659
001

660
001

661
111

662
010

663
001

664
001

665
010

666
001

667
001

668
001

669
010

670
010

671
001

672
010

673
010

674
001

675
011

676
100

677
010

678
100

679
100

680
010

681
100

682
010

683
100

684
100

685
001

686
010

687
001

688
100

689
010

690
100

691
001

692
010

693
100

694
010

695
001

696
100

697
010

698
011

699
010

700
010

701
101

702
100

703
001

704
100

705
001

706
001

707
001

708
100

709
100

710
100

711
010

712
001

713
001

714
010

715
001

716
010

717
100

718
001

719
111

720
010

721
010

722
001

723
001

724
100

725
010

726
100

727
100

728
001

729
100

730
010

731
001

732
010

733
001

734
010

735
010

736
010

737
001

738
010

739
010

740
100

741
001

742
101

743
001

744
010

745
001

746
001

747
010

748
010

749
010

750
100

751
010

752
010

753
100

754
001

755
001

756
100

757
100

758
010

759
010

760
100

761
100

762
010

763
010

764
001

765
001

766
100

767
010

768
010

769
010

770
001

771
001

772
100

773
100

774
010

775
100

776
100

777
100

778
001

779
001

780
100

781
100

782
001

783
001

784
100

785
100

786
001

787
001

788
010

789
001

790
100

791
100

792
001

793
010

794
010

795
001

796
010

797
001

798
010

799
001

800
001

801
010

802
010

803
100

804
001

805
101

806
010

807
001

808
001

809
010

810
100

811
100

812
010

813
100

814
010

815
100

816
010

817
100

818
010

819
010

820
001

821
100

822
100

823
001

824
100

825
001

826
001

827
100

828
001

829
001

830
100

831
011

832
010

833
001

834
100

835
001

836
001

837
001

838
100

839
100

840
001

841
001

842
100

843
010

844
100

845
100

846
100

847
010

848
001

849
100

850
001

851
100

852
001

853
100

854
010

855
001

856
001

857
001

858
100

859
011

860
001

861
010

862
100

863
101

864
001

865
100

866
001

867
100

868
001

869
110

870
001

871
010

872
100

873
010

874
100

875
010

876
010

877
010

878
001

879
100

880
001

881
100

882
001

883
001

884
001

885
001

886
100

887
010

888
100

889
010

890
001

891
010

892
010

893
010

894
010

895
010

896
010

897
001

898
100

899
001

900
100

901
100

902
001

903
100

904
100

905
010

906
010

907
001

908
001

909
100

910
010

911
100

912
010

913
010

914
001

915
001

916
010

917
100

918
101

919
001

920
010

921
010

922
100

923
010

924
001

925
100

926
001

927
010

928
010

929
010

930
100

931
001

932
010

933
010

934
010

935
100

936
110

937
010

938
010

939
001

940
100

941
100

942
100

943
001

944
100

945
001

946
010

947
001

948
010

949
100

950
001

951
100

952
100

953
100

954
001

955
001

956
001

957
010

958
100

959
100

960
100

961
001

962
010

963
100

964
001

965
100

966
100

967
010

968
001

969
010

970
100

971
100

972
101

973
001

974
010

975
100

976
010

977
100

978
010

979
010

980
100

981
001

982
001

983
010

984
010

985
010

986
010

987
100

988
010

989
010

990
100

991
100

992
001

993
100

994
001

995
010

996
001

997
100

998
001

999
100

1000
010

1001
100

1002
100

1003
100

1004
100

1005
100

1006
100

1007
100

1008
100

1009
100

1010
100

1011
010

1012
001

1013
001

1014
001

1015
001

1016
001

1017
010

1018
100

1019
001

1020
010

1021
001

1022
010

1023
010

1024
010

1025
001

1026
010

1027
001

1028
001

1029
010

1030
010

1031
001

1032
010

1033
001

1034
010

1035
010

1036
100

1037
010

1038
010

1039
100

1040
100

1041
010

1042
100

1043
010

1044
001

1045
010

1046
100

1047
100

1048
100

1049
001

1050
100

1051
001

1052
001

1053
100

1054
100

1055
001

1056
100

1057
010

1058
010

1059
001

1060
010

1061
010

1062
010

1063
100

1064
001

1065
010

1066
010

1067
001

1068
010

1069
010

1070
001

1071
001

1072
100

1073
110

1074
011

1075
001

1076
001

1077
100

1078
100

1079
010

1080
010

1081
010

1082
100

1083
100

1084
100

1085
010

1086
100

1087
011

1088
001

1089
001

1090
001

1091
001

1092
010

1093
010

1094
010

1095
001

1096
100

1097
001

1098
001

1099
100

1100
001

1101
010

1102
010

1103
010

1104
100

1105
001

1106
001

1107
001

1108
010

1109
001

1110
010

1111
100

1112
001

1113
100

1114
001

1115
010

1116
001

1117
101

1118
100

1119
100

1120
100

1121
010

1122
001

1123
001

1124
001

1125
010

1126
010

1127
001

1128
001

1129
010

1130
111

1131
001

1132
100

1133
100

1134
001

1135
010

1136
111

1137
110

1138
011

1139
010

1140
001

1141
100

1142
100

1143
010

1144
100

1145
010

1146
001

1147
001

1148
001

1149
100

1150
010

1151
100

1152
100

1153
001

1154
100

1155
010

1156
001

1157
010

1158
010

1159
001

1160
010

1161
100

1162
010

1163
001

1164
010

1165
100

1166
001

1167
010

1168
010

1169
010

1170
010

1171
001

1172
010

1173
001

1174
001

1175
010

1176
010

1177
001

1178
100

1179
001

1180
001

1181
010

1182
001

1183
100

1184
100

1185
100

1186
001

1187
010

1188
100

1189
001

1190
010

1191
100

1192
001

1193
010

1194
001

1195
001

1196
010

1197
010

1198
100

1199
001

1200
010

1201
010

1202
010

1203
001

1204
001

1205
101

1206
001

1207
001

1208
101

1209
100

1210
010

1211
010

1212
100

1213
001

1214
100

1215
100

1216
001

1217
010

1218
001

1219
010

1220
010

1221
010

1222
100

1223
011

1224
100

1225
100

1226
010

1227
100

1228
010

1229
001

1230
010

1231
001

1232
010

1233
001

1234
010

1235
010

1236
100

1237
001

1238
010

1239
010

1240
001

1241
100

1242
010

1243
010

1244
100

1245
010

1246
100

1247
100

1248
101

1249
100

1250
001

1251
100

1252
100

1253
010

1254
010

1255
110

1256
001

1257
001

1258
100

1259
010

1260
010

1261
010

1262
001

1263
010

1264
001

1265
001

1266
100

1267
011

1268
001

1269
010

1270
100

1271
100

1272
100

1273
101

1274
001

1275
010

1276
010

1277
100

1278
010

1279
110

1280
100

1281
100

1282
001

1283
100

1284
100

1285
001

1286
001

1287
010

1288
001

1289
001

1290
010

1291
100

1292
100

1293
100

1294
010

1295
100

1296
010

1297
100

1298
100

1299
010

1300
001

1301
100

1302
001

1303
010

1304
100

1305
001

1306
100

1307
001

1308
010

1309
010

1310
010

1311
100

1312
100

1313
010

1314
001

1315
011

1316
010

1317
100

1318
001

1319
100

1320
100

1321
001

1322
100

1323
010

1324
010

1325
100

1326
001

1327
010

1328
010

1329
100

1330
001

1331
100

1332
001

1333
001

1334
010

1335
010

1336
100

1337
010

1338
011

1339
001

1340
001

1341
010

1342
010

1343
010

1344
010

1345
010

1346
010

1347
010

1348
101

1349
010

1350
001

1351
001

1352
010

1353
100

1354
010

1355
010

1356
010

1357
010

1358
100

1359
010

1360
100

1361
010

1362
001

1363
010

1364
001

1365
001

1366
010

1367
100

1368
010

1369
001

1370
001

1371
110

1372
100

1373
010

1374
100

1375
010

1376
010

1377
010

1378
001

1379
010

1380
100

1381
010

1382
010

1383
100

1384
010

1385
010

1386
001

1387
100

1388
001

1389
010

1390
010

1391
100

1392
010

1393
001

1394
001

1395
100

1396
010

1397
100

1398
001

1399
001

1400
101

1401
010

1402
010

1403
100

1404
100

1405
100

1406
001

1407
100

1408
100

1409
010

1410
010

1411
010

1412
010

1413
010

1414
001

1415
100

1416
001

1417
010

1418
100

1419
010

1420
001

1421
100

1422
011

1423
010

1424
010

1425
100

1426
100

1427
001

1428
100

1429
100

1430
100

1431
100

1432
100

1433
100

1434
111

1435
110

1436
010

1437
100

1438
100

1439
100

1440
100

1441
001

1442
001

1443
010

1444
011

1445
100

1446
100

1447
001

1448
100

1449
010

1450
001

1451
100

1452
010

1453
010

1454
100

1455
001

1456
001

1457
001

1458
010

1459
010

1460
100

1461
010

1462
010

1463
001

1464
001

1465
001

1466
001

1467
001

1468
010

1469
001

1470
100

1471
100

1472
001

1473
010

1474
100

1475
100

1476
001

1477
010

1478
100

1479
100

1480
010

1481
100

1482
100

1483
110

1484
010

1485
100

1486
010

1487
010

1488
001

1489
001

1490
100

1491
001

1492
001

1493
001

1494
100

1495
100

1496
010

1497
001

1498
001

1499
100

1500
100

1501
001

1502
100

1503
100

1504
100

1505
001

1506
001

1507
001

1508
001

1509
100

1510
100

1511
100

1512
100

1513
100

1514
001

1515
001

1516
010

1517
001

1518
010

1519
100

1520
001

1521
100

1522
010

1523
001

1524
010

1525
100

1526
010

1527
001

1528
010

1529
001

1530
100

1531
110

1532
001

1533
100

1534
010

1535
100

1536
010

1537
100

1538
100

1539
010

1540
010

1541
100

1542
100

1543
100

1544
100

1545
010

1546
001

1547
001

1548
110

1549
010

1550
010

1551
010

1552
010

1553
100

1554
010

1555
010

1556
010

1557
010

1558
100

1559
011

1560
001

1561
001

1562
010

1563
100

1564
010

1565
001

1566
100

1567
001

1568
100

1569
100

1570
001

1571
010

1572
001

1573
001

1574
001

1575
010

1576
010

1577
010

1578
010

1579
001

1580
001

1581
100

1582
010

1583
100

1584
001

1585
010

1586
001

1587
010

1588
001

1589
010

1590
010

1591
100

1592
010

1593
100

1594
001

1595
010

1596
001

1597
010

1598
010

1599
010

1600
001

1601
100

1602
101

1603
010

1604
001

1605
010

1606
100

1607
100

1608
010

1609
100

1610
010

1611
100

1612
001

1613
001

1614
010

1615
111

1616
001

1617
001

1618
100

1619
100

1620
001

1621
010

1622
101

1623
001

1624
010

1625
001

1626
001

1627
010

1628
010

1629
100

1630
001

1631
001

1632
001

1633
001

1634
100

1635
010

1636
010

1637
001

1638
100

1639
100

1640
010

1641
100

1642
010

1643
001

1644
100

1645
100

1646
100

1647
001

1648
010

1649
001

1650
001

1651
001

1652
001

1653
010

1654
010

1655
001

1656
010

1657
100

1658
001

1659
001

1660
100

1661
100

1662
001

1663
001

1664
001

1665
010

1666
001

1667
001

1668
001

1669
010

1670
010

1671
001

1672
010

1673
010

1674
001

1675
100

1676
001

1677
010

1678
001

1679
010

1680
001

1681
001

1682
010

1683
100

1684
001

1685
100

1686
001

1687
001

1688
010

1689
100

1690
100

1691
100

1692
001

1693
100

1694
001

1695
010

1696
100

1697
100

1698
100

1699
010

1700
110

1701
001

1702
010

1703
001

1704
100

1705
010

1706
010

1707
001

1708
010

1709
001

1710
010

1711
001

1712
010

1713
010

1714
001

1715
001

1716
100

1717
010

1718
001

1719
100

1720
100

1721
001

1722
100

1723
001

1724
001

1725
001

1726
010

1727
100

1728
001

1729
001

1730
100

1731
100

1732
010

1733
110

1734
100

1735
010

1736
001

1737
001

1738
001

1739
100

1740
001

1741
100

1742
001

1743
010

1744
100

1745
011

1746
110

1747
100

1748
100

1749
001

1750
100

1751
101

1752
010

1753
010

1754
100

1755
100

1756
100

1757
010

1758
010

1759
100

1760
001

1761
001

1762
100

1763
001

1764
001

1765
001

1766
100

1767
010

1768
010

1769
100

1770
010

1771
100

1772
111

1773
100

1774
100

1775
010

1776
001

1777
001

1778
010

1779
100

1780
100

1781
001

1782
100

1783
001

1784
010

1785
010

1786
100

1787
010

1788
001

1789
001

1790
010

1791
001

1792
001

1793
010

1794
001

1795
011

1796
010

1797
001

1798
010

1799
101

1800
100

1801
100

1802
100

1803
001

1804
001

1805
100

1806
100

1807
001

1808
010

1809
100

1810
001

1811
100

1812
010

1813
010

1814
010

1815
100

1816
010

1817
010

1818
100

1819
100

1820
100

1821
011

1822
100

1823
001

1824
010

1825
100

1826
010

1827
001

1828
010

1829
100

1830
001

1831
100

1832
100

1833
001

1834
010

1835
001

1836
001

1837
010

1838
010

1839
010

1840
100

1841
001

1842
010

1843
100

1844
001

1845
001

1846
010

1847
001

1848
001

1849
001

1850
100

1851
001

1852
100

1853
010

1854
001

1855
100

1856
001

1857
100

1858
100

1859
010

1860
001

1861
001

1862
001

1863
001

1864
001

1865
010

1866
001

1867
001

1868
100

1869
001

1870
001

1871
001

1872
001

1873
001

1874
010

1875
010

1876
100

1877
100

1878
010

1879
100

1880
001

1881
100

1882
001

1883
011

1884
100

1885
100

1886
001

1887
001

1888
010

1889
100

1890
001

1891
100

1892
001

1893
011

1894
001

1895
100

1896
001

1897
010

1898
001

1899
001

1900
010

1901
100

1902
100

1903
100

1904
010

1905
010

1906
010

1907
001

1908
100

1909
010

1910
001

1911
101

1912
001

1913
010

1914
010

1915
100

1916
100

1917
001

1918
010

1919
100

1920
001

1921
010

1922
010

1923
100

1924
010

1925
010

1926
100

1927
100

1928
100

1929
001

1930
100

1931
100

1932
100

1933
010

1934
010

1935
010

1936
001

1937
010

1938
001

1939
010

1940
010

1941
010

1942
100

1943
010

1944
100

1945
001

1946
010

1947
010

1948
001

1949
010

1950
100

1951
010

1952
100

1953
001

1954
100

1955
100

1956
100

1957
100

1958
100

1959
001

1960
010

1961
100

1962
001

1963
001

1964
100

1965
010

1966
100

1967
010

1968
010

1969
100

1970
010

1971
010

1972
001

1973
001

1974
001

1975
011

1976
001

1977
010

1978
100

1979
010

1980
010

1981
010

1982
001

1983
001

1984
001

1985
010

1986
100

1987
010

1988
100

1989
001

1990
010

1991
010

1992
100

1993
001

1994
001

1995
100

1996
010

1997
100

1998
001

1999
100

2000
010

2001
010

2002
100

2003
010

2004
001

2005
100

2006
001

2007
001

2008
001

2009
001

2010
100

2011
001

2012
100

2013
001

2014
100

2015
001

2016
001

2017
010

2018
010

2019
001

2020
010

2021
001

2022
001

2023
110

2024
100

2025
001

2026
001

2027
100

2028
010

2029
001

2030
110

2031
010

2032
010

2033
001

2034
001

2035
010

2036
010

2037
010

2038
100

2039
010

2040
001

2041
001

2042
010

2043
001

2044
010

2045
001

2046
100

2047
010

2048
100

2049
100

2050
100

2051
001

2052
110

2053
100

2054
100

2055
100

2056
100

2057
010

2058
100

2059
001

2060
101

2061
001

2062
100

2063
010

2064
010

2065
100

2066
011

2067
010

2068
001

2069
001

2070
100

2071
010

2072
001

2073
010

2074
010

2075
001

2076
011

2077
001

2078
001

2079
100

2080
010

2081
010

2082
010

2083
010

2084
010

2085
001

2086
100

2087
010

2088
001

2089
010

2090
001

2091
010

2092
010

2093
010

2094
100

2095
010

2096
010

2097
010

2098
111

2099
001

2100
100

2101
001

2102
001

2103
010

2104
100

2105
010

2106
100

2107
001

2108
010

2109
100

2110
010

2111
100

2112
010

2113
100

2114
011

2115
100

2116
100

2117
100

2118
010

2119
001

2120
010

2121
001

2122
010

2123
011

2124
010

2125
100

2126
100

2127
010

2128
001

2129
010

2130
100

2131
010

2132
010

2133
001

2134
100

2135
010

2136
001

2137
100

2138
010

2139
001

2140
100

2141
001

2142
001

2143
100

2144
010

2145
010

2146
001

2147
010

2148
001

2149
001

2150
100

2151
100

2152
001

2153
001

2154
001

2155
010

2156
001

2157
100

2158
001

2159
100

2160
011

2161
100

2162
010

2163
010

2164
010

2165
100

2166
001

2167
001

2168
001

2169
001

2170
010

2171
100

2172
100

2173
010

2174
010

2175
100

2176
001

2177
001

2178
100

2179
001

2180
010

2181
001

2182
001

2183
001

2184
100

2185
001

2186
100

2187
111

2188
010

2189
111

2190
101

2191
001

2192
100

2193
001

2194
100

2195
001

2196
010

2197
010

2198
001

2199
010

2200
100

2201
110

2202
100

2203
100

2204
010

2205
001

2206
001

2207
010

2208
100

2209
010

2210
010

2211
100

2212
010

2213
011

2214
100

2215
001

2216
010

2217
100

2218
100

2219
100

2220
010

2221
010

2222
001

2223
001

2224
010

2225
001

2226
110

2227
010

2228
100

2229
100

2230
010

2231
001

2232
100

2233
010

2234
001

2235
010

2236
100

2237
111

2238
100

2239
001

2240
100

2241
001

2242
001

2243
010

2244
100

2245
100

2246
001

2247
010

2248
001

2249
010

2250
010

2251
001

2252
010

2253
010

2254
010

2255
001

2256
001

2257
100

2258
100

2259
100

2260
010

2261
001

2262
100

2263
100

2264
100

2265
010

2266
001

2267
010

2268
100

2269
001

2270
010

2271
010

2272
001

2273
010

2274
010

2275
001

2276
001

2277
010

2278
010

2279
010

2280
101

2281
100

2282
100

2283
100

2284
100

2285
010

2286
100

2287
010

2288
100

2289
010

2290
100

2291
010

2292
010

2293
001

2294
010

2295
010

2296
001

2297
101

2298
001

2299
100

2300
100

2301
001

2302
100

2303
100

2304
001

2305
001

2306
100

2307
100

2308
100

2309
100

2310
100

2311
100

2312
010

2313
001

2314
001

2315
001

2316
100

2317
001

2318
010

2319
100

2320
010

2321
100

2322
010

2323
100

2324
100

2325
100

2326
010

2327
100

2328
010

2329
100

2330
010

2331
111

2332
010

2333
010

2334
001

2335
001

2336
100

2337
100

2338
100

2339
001

2340
100

2341
001

2342
001

2343
001

2344
001

2345
001

2346
010

2347
010

2348
001

2349
100

2350
001

2351
001

2352
001

2353
100

2354
100

2355
100

2356
100

2357
100

2358
001

2359
100

2360
010

2361
001

2362
100

2363
110

2364
010

2365
100

2366
100

2367
001

2368
100

2369
100

2370
100

2371
001

2372
001

2373
001

2374
010

2375
010

2376
010

2377
100

2378
010

2379
001

2380
100

2381
010

2382
001

2383
010

2384
010

2385
100

2386
001

2387
100

2388
101

2389
010

2390
001

2391
100

2392
100

2393
100

2394
010

2395
010

2396
010

2397
100

2398
100

2399
001

2400
100

2401
010

2402
010

2403
100

2404
100

2405
001

2406
100

2407
001

2408
010

2409
001

2410
001

2411
100

2412
100

2413
010

2414
100

2415
010

2416
010

2417
001

2418
001

2419
100

2420
010

2421
100

2422
100

2423
010

2424
010

2425
001

2426
001

2427
010

2428
001

2429
100

2430
001

2431
001

2432
010

2433
001

2434
001

2435
010

2436
100

2437
001

2438
100

2439
100

2440
001

2441
010

2442
100

2443
100

2444
010

2445
110

2446
001

2447
110

2448
010

2449
010

2450
001

2451
010

2452
010

2453
010

2454
100

2455
100

2456
010

2457
100

2458
100

2459
100

2460
100

2461
010

2462
100

2463
001

2464
001

2465
100

2466
001

2467
001

2468
010

2469
010

2470
001

2471
001

2472
001

2473
001

2474
010

2475
100

2476
100

2477
100

2478
100

2479
100

2480
100

2481
100

2482
001

2483
100

2484
010

2485
001

2486
001

2487
100

2488
001

2489
001

2490
100

2491
100

2492
010

2493
100

2494
011

2495
010

2496
010

2497
100

2498
010

2499
010

2500
100

2501
001

2502
010

2503
100

2504
100

2505
010

2506
010

2507
010

2508
001

2509
001

2510
100

2511
010

2512
010

2513
001

2514
010

2515
001

2516
010

2517
100

2518
100

2519
010

2520
100

2521
010

2522
001

2523
010

2524
001

2525
001

2526
100

2527
100

2528
001

2529
001

2530
010

2531
010

2532
100

2533
001

2534
010

2535
001

2536
010

2537
010

2538
001

2539
001

2540
001

2541
001

2542
010

2543
011

2544
100

2545
100

2546
011

2547
100

2548
001

2549
001

2550
100

2551
001

2552
010

2553
100

2554
001

2555
010

2556
001

2557
100

2558
001

2559
001

2560
001

2561
001

2562
001

2563
010

2564
001

2565
001

2566
100

2567
001

2568
100

2569
100

2570
001

2571
010

2572
010

2573
001

2574
010

2575
100

2576
010

2577
001

2578
001

2579
100

2580
010

2581
100

2582
100

2583
100

2584
001

2585
010

2586
011

2587
010

2588
010

2589
010

2590
100

2591
001

2592
010

2593
010

2594
010

2595
010

2596
001

2597
001

2598
010

2599
010

2600
100

2601
001

2602
100

2603
010

2604
001

2605
100

2606
100

2607
001

2608
100

2609
101

2610
100

2611
010

2612
001

2613
001

2614
100

2615
001

2616
010

2617
100

2618
010

2619
001

2620
010

2621
100

2622
100

2623
010

2624
001

2625
001

2626
100

2627
010

2628
010

2629
100

2630
010

2631
100

2632
010

2633
010

2634
010

2635
100

2636
100

2637
010

2638
001

2639
010

2640
100

2641
010

2642
010

2643
010

2644
001

2645
010

2646
001

2647
010

2648
100

2649
001

2650
100

2651
010

2652
001

2653
010

2654
100

2655
001

2656
010

2657
001

2658
110

2659
101

2660
001

2661
001

2662
100

2663
001

2664
001

2665
111

2666
001

2667
010

2668
010

2669
100

2670
100

2671
010

2672
001

2673
100

2674
010

2675
100

2676
100

2677
001

2678
010

2679
010

2680
001

2681
100

2682
100

2683
001

2684
010

2685
001

2686
100

2687
100

2688
001

2689
111

2690
101

2691
010

2692
010

2693
100

2694
010

2695
101

2696
010

2697
010

2698
010

2699
100

2700
001

2701
100

2702
100

2703
100

2704
100

2705
001

2706
010

2707
001

2708
010

2709
100

2710
100

2711
100

2712
100

2713
100

2714
001

2715
010

2716
100

2717
101

2718
100

2719
001

2720
100

2721
010

2722
001

2723
100

2724
100

2725
001

2726
100

2727
010

2728
100

2729
010

2730
100

2731
010

2732
001

2733
100

2734
100

2735
100

2736
010

2737
110

2738
010

2739
100

2740
100

2741
100

2742
100

2743
010

2744
001

2745
100

2746
100

2747
100

2748
100

2749
010

2750
010

2751
100

2752
001

2753
001

2754
010

2755
100

2756
001

2757
001

2758
001

2759
001

2760
001

2761
100

2762
100

2763
001

2764
100

2765
010

2766
100

2767
001

2768
010

2769
001

2770
100

2771
010

2772
100

2773
100

2774
001

2775
001

2776
001

2777
010

2778
010

2779
001

2780
010

2781
001

2782
001

2783
100

2784
010

2785
100

2786
100

2787
100

2788
100

2789
001

2790
100

2791
001

2792
010

2793
100

2794
001

2795
001

2796
001

2797
100

2798
100

2799
010

2800
100

2801
010

2802
001

2803
010

2804
100

2805
001

2806
100

2807
010

2808
001

2809
001

2810
010

2811
010

2812
100

2813
001

2814
001

2815
001

2816
001

2817
001

2818
001

2819
001

2820
001

2821
001

2822
001

2823
100

2824
100

2825
100

2826
010

2827
001

2828
010

2829
100

2830
010

2831
100

2832
100

2833
001

2834
010

2835
001

2836
001

2837
001

2838
010

2839
001

2840
111

2841
100

2842
100

2843
001

2844
100

2845
010

2846
100

2847
010

2848
100

2849
001

2850
001

2851
010

2852
001

2853
100

2854
010

2855
001

2856
100

2857
010

2858
010

2859
010

2860
100

2861
010

2862
100

2863
001

2864
001

2865
010

2866
010

2867
001

2868
010

2869
010

2870
100

2871
001

2872
001

2873
100

2874
010

2875
010

2876
100

2877
010

2878
010

2879
010

2880
001

2881
010

2882
100

2883
100

2884
010

2885
010

2886
001

2887
100

2888
001

2889
010

2890
010

2891
001

2892
010

2893
100

2894
100

2895
010

2896
001

2897
001

2898
010

2899
010

2900
100

2901
100

2902
010

2903
001

2904
100

2905
010

2906
010

2907
010

2908
010

2909
100

2910
010

2911
010

2912
100

2913
001

2914
100

2915
100

2916
010

2917
001

2918
010

2919
100

2920
001

2921
001

2922
010

2923
001

2924
010

2925
010

2926
010

2927
001

2928
100

2929
001

2930
001

2931
001

2932
010

2933
010

2934
100

2935
001

2936
100

2937
010

2938
100

2939
001

2940
001

2941
001

2942
010

2943
111

2944
001

2945
010

2946
100

2947
001

2948
010

2949
001

2950
101

2951
111

2952
001

2953
010

2954
001

2955
001

2956
010

2957
010

2958
100

2959
100

2960
100

2961
001

2962
001

2963
010

2964
011

2965
100

2966
001

2967
001

2968
100

2969
010

2970
010

2971
010

2972
001

2973
001

2974
100

2975
010

2976
010

2977
001

2978
010

2979
010

2980
100

2981
100

2982
010

2983
001

2984
101

2985
111

2986
010

2987
001

2988
001

2989
100

2990
010

2991
100

2992
010

2993
010

2994
010

2995
001

2996
010

2997
100

2998
100

2999
001

3000
010

3001
001

3002
010

3003
010

3004
010

3005
001

3006
100

3007
010

3008
101

3009
100

3010
010

3011
100

3012
010

3013
001

3014
100

3015
010

3016
001

3017
100

3018
001

3019
010

3020
010

3021
010

3022
001

3023
001

3024
001

3025
100

3026
001

3027
010

3028
100

3029
001

3030
100

3031
100

3032
100

3033
100

3034
100

3035
101

3036
001

3037
100

3038
001

3039
001

3040
010

3041
010

3042
001

3043
100

3044
100

3045
100

3046
010

3047
100

3048
001

3049
010

3050
010

3051
001

3052
010

3053
100

3054
001

3055
010

3056
010

3057
010

3058
010

3059
001

3060
100

3061
010

3062
100

3063
100

3064
100

3065
001

3066
010

3067
001

3068
100

3069
100

3070
010

3071
001

3072
110

3073
001

3074
001

3075
010

3076
001

3077
010

3078
100

3079
010

3080
100

3081
010

3082
010

3083
001

3084
100

3085
001

3086
100

3087
010

3088
010

3089
100

3090
100

3091
001

3092
001

3093
010

3094
010

3095
100

3096
010

3097
010

3098
100

3099
010

3100
010

3101
010

3102
001

3103
100

3104
010

3105
111

3106
001

3107
010

3108
100

3109
001

3110
001

3111
010

3112
011

3113
100

3114
010

3115
001

3116
010

3117
100

3118
100

3119
100

3120
010

3121
001

3122
010

3123
001

3124
100

3125
100

3126
100

3127
100

3128
001

3129
001

3130
010

3131
001

3132
010

3133
100

3134
111

3135
100

3136
010

3137
001

3138
010

3139
010

3140
010

3141
001

3142
001

3143
010

3144
010

3145
010

3146
010

3147
001

3148
100

3149
100

3150
001

3151
001

3152
100

3153
100

3154
100

3155
001

3156
010

3157
001

3158
001

3159
001

3160
010

3161
111

3162
100

3163
100

3164
010

3165
001

3166
010

3167
010

3168
100

3169
100

3170
100

3171
100

3172
010

3173
010

3174
100

3175
100

3176
001

3177
010

3178
001

3179
001

3180
100

3181
010

3182
100

3183
100

3184
001

3185
100

3186
010

3187
010

3188
001

3189
100

3190
100

3191
010

3192
010

3193
100

3194
100

3195
001

3196
001

3197
010

3198
100

3199
001

3200
001

3201
100

3202
010

3203
001

3204
001

3205
100

3206
001

3207
100

3208
001

3209
010

3210
101

3211
100

3212
100

3213
010

3214
001

3215
010

3216
010

3217
001

3218
010

3219
010

3220
010

3221
001

3222
100

3223
001

3224
100

3225
010

3226
001

3227
010

3228
011

3229
001

3230
010

3231
001

3232
001

3233
001

3234
001

3235
010

3236
100

3237
010

3238
010

3239
001

3240
001

3241
010

3242
100

3243
100

3244
100

3245
010

3246
010

3247
010

3248
100

3249
001

3250
100

3251
010

3252
001

3253
001

3254
010

3255
100

3256
110

3257
001

3258
001

3259
100

3260
100

3261
010

3262
100

3263
100

3264
001

3265
010

3266
010

3267
010

3268
101

3269
100

3270
001

3271
001

3272
100

3273
010

3274
010

3275
010

3276
010

3277
001

3278
010

3279
010

3280
001

3281
101

3282
010

3283
001

3284
001

3285
001

3286
001

3287
001

3288
010

3289
001

3290
100

3291
100

3292
010

3293
010

3294
010

3295
010

3296
101

3297
001

3298
010

3299
100

3300
100

3301
100

3302
001

3303
100

3304
100

3305
001

3306
010

3307
001

3308
010

3309
001

3310
010

3311
100

3312
100

3313
010

3314
010

3315
100

3316
100

3317
001

3318
100

3319
010

3320
100

3321
100

3322
100

3323
001

3324
100

3325
110

3326
100

3327
001

3328
100

3329
010

3330
001

3331
100

3332
010

3333
001

3334
001

3335
010

3336
100

3337
100

3338
010

3339
010

3340
010

3341
001

3342
010

3343
100

3344
100

3345
010

3346
010

3347
010

3348
010

3349
001

3350
001

3351
010

3352
100

3353
010

3354
100

3355
001

3356
010

3357
100

3358
001

3359
010

3360
010

3361
100

3362
100

3363
001

3364
100

3365
001

3366
100

3367
100

3368
100

3369
001

3370
010

3371
001

3372
100

3373
010

3374
100

3375
001

3376
001

3377
001

3378
100

3379
010

3380
001

3381
010

3382
100

3383
010

3384
001

3385
010

3386
100

3387
001

3388
010

3389
010

3390
100

3391
100

3392
001

3393
001

3394
100

3395
010

3396
001

3397
001

3398
100

3399
010

3400
100

3401
010

3402
100

3403
100

3404
001

3405
001

3406
010

3407
010

3408
100

3409
001

3410
100

3411
100

3412
010

3413
001

3414
100

3415
010

3416
100

3417
001

3418
111

3419
001

3420
011

3421
010

3422
001

3423
010

3424
100

3425
001

3426
010

3427
100

3428
001

3429
010

3430
100

3431
010

3432
010

3433
001

3434
001

3435
010

3436
001

3437
001

3438
010

3439
001

3440
100

3441
100

3442
001

3443
001

3444
001

3445
010

3446
001

3447
001

3448
001

3449
010

3450
100

3451
001

3452
001

3453
010

3454
010

3455
100

3456
100

3457
100

3458
010

3459
100

3460
001

3461
001

3462
001

3463
111

3464
100

3465
001

3466
010

3467
100

3468
010

3469
001

3470
010

3471
010

3472
001

3473
010

3474
010

3475
010

3476
001

3477
010

3478
010

3479
010

3480
010

3481
010

3482
010

3483
100

3484
010

3485
010

3486
100

3487
001

3488
001

3489
100

3490
010

3491
001

3492
100

3493
111

3494
011

3495
100

3496
001

3497
100

3498
010

3499
100

3500
110

3501
010

3502
010

3503
010

3504
010

3505
100

3506
100

3507
100

3508
010

3509
010

3510
100

3511
010

3512
001

3513
010

3514
001

3515
100

3516
001

3517
100

3518
001

3519
010

3520
011

3521
001

3522
001

3523
001

3524
001

3525
001

3526
001

3527
001

3528
001

3529
100

3530
001

3531
001

3532
010

3533
001

3534
001

3535
010

3536
001

3537
100

3538
100

3539
001

3540
100

3541
010

3542
010

3543
010

3544
001

3545
001

3546
101

3547
001

3548
100

3549
010

3550
100

3551
010

3552
110

3553
001

3554
010

3555
010

3556
010

3557
100

3558
001

3559
001

3560
100

3561
010

3562
100

3563
100

3564
001

3565
010

3566
100

3567
010

3568
010

3569
010

3570
100

3571
100

3572
010

3573
001

3574
010

3575
001

3576
100

3577
010

3578
001

3579
001

3580
100

3581
100

3582
100

3583
001

3584
111

3585
010

3586
010

3587
100

3588
100

3589
010

3590
001

3591
100

3592
100

3593
010

3594
100

3595
001

3596
011

3597
010

3598
001

3599
100

3600
010

3601
111

3602
110

3603
010

3604
010

3605
010

3606
001

3607
001

3608
001

3609
010

3610
100

3611
001

3612
010

3613
011

3614
101

3615
100

3616
010

3617
010

3618
100

3619
001

3620
100

3621
010

3622
100

3623
001

3624
101

3625
010

3626
100

3627
100

3628
100

3629
010

3630
001

3631
010

3632
010

3633
001

3634
100

3635
100

3636
010

3637
010

3638
100

3639
110

3640
100

3641
100

3642
100

3643
001

3644
010

3645
001

3646
101

3647
010

3648
100

3649
010

3650
100

3651
001

3652
001

3653
001

3654
100

3655
100

3656
001

3657
100

3658
100

3659
010

3660
100

3661
010

3662
100

3663
010

3664
010

3665
001

3666
101

3667
001

3668
100

3669
111

3670
100

3671
001

3672
100

3673
100

3674
100

3675
100

3676
010

3677
010

3678
100

3679
001

3680
001

3681
100

3682
010

3683
100

3684
100

3685
100

3686
100

3687
001

3688
001

3689
010

3690
010

3691
100

3692
010

3693
101

3694
100

3695
001

3696
010

3697
001

3698
100

3699
010

3700
101

3701
100

3702
100

3703
100

3704
010

3705
010

3706
001

3707
010

3708
100

3709
100

3710
001

3711
001

3712
110

3713
001

3714
001

3715
100

3716
100

3717
100

3718
001

3719
100

3720
110

3721
100

3722
010

3723
100

3724
001

3725
010

3726
010

3727
010

3728
011

3729
100

3730
001

3731
010

3732
011

3733
100

3734
001

3735
010

3736
010

3737
010

3738
010

3739
001

3740
100

3741
001

3742
100

3743
100

3744
001

3745
001

3746
001

3747
100

3748
100

3749
100

3750
001

3751
010

3752
100

3753
100

3754
010

3755
100

3756
010

3757
100

3758
101

3759
010

3760
001

3761
111

3762
001

3763
010

3764
100

3765
001

3766
100

3767
001

3768
100

3769
100

3770
100

3771
011

3772
100

3773
001

3774
010

3775
011

3776
001

3777
001

3778
001

3779
100

3780
100

3781
010

3782
100

3783
001

3784
100

3785
100

3786
001

3787
011

3788
110

3789
010

3790
010

3791
101

3792
010

3793
100

3794
010

3795
100

3796
010

3797
010

3798
001

3799
001

3800
001

3801
010

3802
001

3803
010

3804
010

3805
100

3806
001

3807
001

3808
001

3809
010

3810
100

3811
001

3812
010

3813
001

3814
001

3815
100

3816
100

3817
001

3818
100

3819
100

3820
100

3821
100

3822
010

3823
001

3824
100

3825
100

3826
001

3827
100

3828
100

3829
100

3830
010

3831
100

3832
010

3833
010

3834
100

3835
010

3836
100

3837
001

3838
111

3839
001

3840
001

3841
001

3842
001

3843
001

3844
100

3845
010

3846
010

3847
001

3848
010

3849
010

3850
001

3851
010

3852
001

3853
100

3854
100

3855
100

3856
010

3857
010

3858
110

3859
001

3860
010

3861
001

3862
001

3863
011

3864
001

3865
001

3866
010

3867
100

3868
001

3869
100

3870
010

3871
001

3872
001

3873
010

3874
010

3875
001

3876
100

3877
001

3878
100

3879
100

3880
010

3881
100

3882
100

3883
001

3884
100

3885
100

3886
001

3887
010

3888
001

3889
001

3890
010

3891
001

3892
010

3893
010

3894
001

3895
100

3896
100

3897
100

3898
100

3899
100

3900
100

3901
001

3902
001

3903
001

3904
100

3905
001

3906
010

3907
101

3908
100

3909
100

3910
100

3911
001

3912
010

3913
010

3914
001

3915
010

3916
100

3917
010

3918
001

3919
100

3920
100

3921
001

3922
010

3923
001

3924
010

3925
010

3926
010

3927
100

3928
100

3929
100

3930
001

3931
010

3932
010

3933
001

3934
101

3935
001

3936
011

3937
010

3938
010

3939
010

3940
001

3941
100

3942
110

3943
100

3944
010

3945
010

3946
010

3947
001

3948
100

3949
010

3950
001

3951
010

3952
010

3953
010

3954
001

3955
001

3956
100

3957
001

3958
100

3959
100

3960
010

3961
100

3962
010

3963
010

3964
101

3965
010

3966
100

3967
001

3968
100

3969
100

3970
010

3971
010

3972
010

3973
001

3974
001

3975
100

3976
010

3977
001

3978
001

3979
001

3980
100

3981
100

3982
010

3983
100

3984
001

3985
001

3986
010

3987
010

3988
100

3989
010

3990
001

3991
100

3992
100

3993
010

3994
110

3995
010

3996
100

3997
010

3998
100

3999
100

4000
100

4001
100

4002
001

4003
010

4004
010

4005
001

4006
010

4007
010

4008
100

4009
010

4010
001

4011
100

4012
100

4013
001

4014
010

4015
001

4016
100

4017
010

4018
100

4019
001

4020
100

4021
100

4022
001

4023
010

4024
100

4025
001

4026
010

4027
010

4028
010

4029
010

4030
100

4031
001

4032
010

4033
001

4034
100

4035
100

4036
001

4037
010

4038
001

4039
100

4040
010

4041
100

4042
010

4043
100

4044
001

4045
010

4046
100

4047
100

4048
010

4049
100

4050
100

4051
100

4052
100

4053
100

4054
010

4055
010

4056
100

4057
001

4058
010

4059
100

4060
010

4061
001

4062
001

4063
100

4064
001

4065
100

4066
001

4067
001

4068
100

4069
100

4070
100

4071
011

4072
100

4073
010

4074
010

4075
001

4076
001

4077
010

4078
010

4079
001

4080
100

4081
010

4082
010

4083
010

4084
001

4085
100

4086
001

4087
001

4088
010

4089
001

4090
100

4091
100

4092
001

4093
001

4094
010

4095
100

4096
010

4097
001

4098
100

4099
100

4100
001

4101
110

4102
010

4103
001

4104
001

4105
100

4106
001

4107
010

4108
010

4109
100

4110
100

4111
001

4112
001

4113
010

4114
100

4115
100

4116
010

4117
010

4118
100

4119
100

4120
111

4121
001

4122
001

4123
100

4124
100

4125
001

4126
010

4127
001

4128
001

4129
001

4130
010

4131
010

4132
100

4133
100

4134
001

4135
100

4136
001

4137
100

4138
001

4139
010

4140
010

4141
001

4142
110

4143
010

4144
001

4145
100

4146
010

4147
001

4148
100

4149
010

4150
001

4151
010

4152
100

4153
010

4154
001

4155
100

4156
100

4157
100

4158
100

4159
100

4160
001

4161
100

4162
001

4163
001

4164
100

4165
010

4166
010

4167
101

4168
100

4169
010

4170
001

4171
100

4172
001

4173
001

4174
001

4175
001

4176
001

4177
010

4178
010

4179
010

4180
100

4181
001

4182
001

4183
100

4184
010

4185
100

4186
001

4187
100

4188
100

4189
100

4190
001

4191
001

4192
001

4193
010

4194
010

4195
001

4196
010

4197
100

4198
001

4199
001

4200
010

4201
011

4202
001

4203
100

4204
010

4205
010

4206
111

4207
010

4208
001

4209
100

4210
001

4211
100

4212
010

4213
100

4214
010

4215
111

4216
001

4217
001

4218
010

4219
001

4220
100

4221
001

4222
010

4223
001

4224
100

4225
110

4226
010

4227
100

4228
010

4229
010

4230
010

4231
100

4232
001

4233
100

4234
100

4235
001

4236
100

4237
100

4238
010

4239
010

4240
001

4241
010

4242
100

4243
001

4244
010

4245
001

4246
100

4247
100

4248
001

4249
010

4250
101

4251
010

4252
001

4253
010

4254
100

4255
010

4256
100

4257
001

4258
001

4259
001

4260
100

4261
001

4262
110

4263
010

4264
010

4265
010

4266
010

4267
100

4268
100

4269
010

4270
100

4271
010

4272
100

4273
100

4274
001

4275
001

4276
010

4277
001

4278
010

4279
010

4280
100

4281
001

4282
010

4283
010

4284
001

4285
001

4286
001

4287
001

4288
100

4289
011

4290
001

4291
001

4292
010

4293
001

4294
001

4295
010

4296
010

4297
001

4298
010

4299
010

4300
001

4301
010

4302
001

4303
010

4304
100

4305
100

4306
001

4307
010

4308
001

4309
100

4310
100

4311
100

4312
100

4313
001

4314
010

4315
100

4316
010

4317
100

4318
001

4319
001

4320
100

4321
001

4322
001

4323
001

4324
010

4325
010

4326
010

4327
100

4328
010

4329
100

4330
010

4331
001

4332
001

4333
001

4334
010

4335
010

4336
100

4337
010

4338
001

4339
001

4340
001

4341
010

4342
010

4343
010

4344
010

4345
001

4346
010

4347
001

4348
001

4349
100

4350
001

4351
100

4352
001

4353
001

4354
001

4355
001

4356
100

4357
010

4358
010

4359
001

4360
100

4361
011

4362
100

4363
100

4364
010

4365
111

4366
010

4367
010

4368
010

4369
010

4370
100

4371
100

4372
010

4373
001

4374
001

4375
001

4376
010

4377
100

4378
100

4379
100

4380
100

4381
001

4382
100

4383
010

4384
011

4385
010

4386
100

4387
001

4388
100

4389
100

4390
100

4391
001

4392
001

4393
001

4394
010

4395
100

4396
001

4397
010

4398
010

4399
001

4400
001

4401
011

4402
001

4403
100

4404
100

4405
100

4406
010

4407
001

4408
001

4409
001

4410
100

4411
100

4412
010

4413
010

4414
001

4415
010

4416
100

4417
100

4418
100

4419
001

4420
001

4421
010

4422
111

4423
010

4424
010

4425
001

4426
100

4427
001

4428
100

4429
100

4430
001

4431
100

4432
100

4433
010

4434
100

4435
100

4436
010

4437
001

4438
010

4439
100

4440
001

4441
001

4442
001

4443
100

4444
100

4445
010

4446
100

4447
001

4448
100

4449
001

4450
100

4451
010

4452
010

4453
100

4454
010

4455
011

4456
001

4457
001

4458
001

4459
010

4460
001

4461
010

4462
100

4463
001

4464
100

4465
100

4466
111

4467
001

4468
100

4469
100

4470
100

4471
001

4472
100

4473
100

4474
100

4475
010

4476
100

4477
100

4478
010

4479
001

4480
001

4481
010

4482
010

4483
001

4484
010

4485
100

4486
001

4487
100

4488
010

4489
010

4490
100

4491
001

4492
001

4493
010

4494
010

4495
001

4496
100

4497
001

4498
101

4499
010

4500
010

4501
100

4502
001

4503
100

4504
011

4505
100

4506
100

4507
100

4508
010

4509
010

4510
100

4511
010

4512
101

4513
001

4514
010

4515
100

4516
001

4517
100

4518
001

4519
001

4520
010

4521
010

4522
101

4523
100

4524
100

4525
001

4526
100

4527
111

4528
100

4529
100

4530
010

4531
001

4532
100

4533
010

4534
100

4535
100

4536
100

4537
001

4538
100

4539
010

4540
100

4541
001

4542
100

4543
100

4544
100

4545
010

4546
100

4547
010

4548
010

4549
100

4550
010

4551
001

4552
010

4553
010

4554
001

4555
100

4556
001

4557
100

4558
100

4559
010

4560
100

4561
010

4562
001

4563
100

4564
100

4565
010

4566
001

4567
001

4568
010

4569
001

4570
001

4571
001

4572
001

4573
010

4574
100

4575
001

4576
010

4577
010

4578
001

4579
001

4580
010

4581
001

4582
100

4583
100

4584
001

4585
001

4586
100

4587
010

4588
100

4589
010

4590
001

4591
010

4592
100

4593
100

4594
010

4595
100

4596
010

4597
100

4598
100

4599
001

4600
100

4601
001

4602
100

4603
100

4604
001

4605
100

4606
010

4607
001

4608
001

4609
100

4610
010

4611
100

4612
001

4613
001

4614
001

4615
010

4616
010

4617
001

4618
010

4619
001

4620
001

4621
001

4622
101

4623
010

4624
001

4625
001

4626
100

4627
001

4628
100

4629
001

4630
100

4631
010

4632
100

4633
100

4634
010

4635
001

4636
100

4637
001

4638
100

4639
001

4640
101

4641
100

4642
010

4643
010

4644
001

4645
100

4646
010

4647
001

4648
010

4649
001

4650
001

4651
001

4652
001

4653
010

4654
001

4655
001

4656
010

4657
100

4658
100

4659
010

4660
010

4661
001

4662
001

4663
010

4664
001

4665
100

4666
010

4667
010

4668
010

4669
001

4670
100

4671
001

4672
010

4673
100

4674
001

4675
100

4676
100

4677
100

4678
010

4679
010

4680
001

4681
100

4682
001

4683
100

4684
100

4685
100

4686
100

4687
001

4688
001

4689
001

4690
010

4691
001

4692
111

4693
001

4694
001

4695
010

4696
001

4697
100

4698
010

4699
100

4700
010

4701
100

4702
100

4703
001

4704
001

4705
100

4706
001

4707
001

4708
001

4709
010

4710
001

4711
100

4712
001

4713
010

4714
100

4715
001

4716
001

4717
100

4718
010

4719
100

4720
001

4721
010

4722
001

4723
001

4724
100

4725
100

4726
001

4727
010

4728
010

4729
010

4730
100

4731
010

4732
010

4733
010

4734
101

4735
100

4736
100

4737
010

4738
010

4739
011

4740
100

4741
100

4742
001

4743
001

4744
001

4745
100

4746
001

4747
100

4748
010

4749
100

4750
100

4751
100

4752
010

4753
100

4754
100

4755
100

4756
001

4757
001

4758
001

4759
010

4760
010

4761
001

4762
100

4763
001

4764
010

4765
010

4766
010

4767
100

4768
100

4769
001

4770
010

4771
010

4772
010

4773
100

4774
010

4775
100

4776
001

4777
111

4778
010

4779
100

4780
010

4781
100

4782
001

4783
010

4784
001

4785
001

4786
001

4787
010

4788
100

4789
001

4790
001

4791
100

4792
001

4793
010

4794
100

4795
001

4796
001

4797
100

4798
001

4799
010

4800
001

4801
001

4802
010

4803
001

4804
001

4805
010

4806
001

4807
001

4808
001

4809
100

4810
001

4811
001

4812
100

4813
001

4814
001

4815
001

4816
001

4817
010

4818
001

4819
010

4820
001

4821
001

4822
001

4823
010

4824
010

4825
100

4826
001

4827
001

4828
010

4829
100

4830
010

4831
001

4832
010

4833
010

4834
001

4835
101

4836
001

4837
001

4838
001

4839
100

4840
001

4841
001

4842
100

4843
010

4844
010

4845
001

4846
100

4847
001

4848
001

4849
001

4850
010

4851
100

4852
001

4853
100

4854
100

4855
100

4856
100

4857
001

4858
001

4859
010

4860
100

4861
100

4862
100

4863
010

4864
001

4865
011

4866
001

4867
011

4868
001

4869
010

4870
010

4871
100

4872
100

4873
001

4874
110

4875
010

4876
010

4877
111

4878
010

4879
100

4880
010

4881
001

4882
010

4883
100

4884
010

4885
100

4886
001

4887
100

4888
100

4889
010

4890
010

4891
010

4892
010

4893
010

4894
010

4895
001

4896
001

4897
010

4898
001

4899
010

4900
010

4901
100

4902
100

4903
001

4904
001

4905
100

4906
001

4907
100

4908
001

4909
010

4910
010

4911
010

4912
110

4913
001

4914
001

4915
010

4916
100

4917
100

4918
100

4919
001

4920
100

4921
001

4922
010

4923
100

4924
101

4925
100

4926
010

4927
001

4928
001

4929
010

4930
010

4931
100

4932
001

4933
001

4934
010

4935
100

4936
100

4937
010

4938
001

4939
100

4940
100

4941
001

4942
010

4943
001

4944
100

4945
010

4946
100

4947
001

4948
010

4949
100

4950
100

4951
001

4952
010

4953
001

4954
010

4955
100

4956
100

4957
100

4958
100

4959
100

4960
100

4961
100

4962
011

4963
100

4964
100

4965
010

4966
001

4967
010

4968
001

4969
001

4970
100

4971
001

4972
110

4973
100

4974
100

4975
001

4976
001

4977
001

4978
100

4979
001

4980
100

4981
100

4982
010

4983
010

4984
001

4985
100

4986
010

4987
100

4988
010

4989
001

4990
010

4991
010

4992
010

4993
010

4994
001

4995
010

4996
010

4997
100

4998
010

4999
001

5000
100

5001
100

5002
010

5003
100

5004
100

5005
010

5006
001

5007
001

5008
010

5009
010

5010
010

5011
100

5012
001

5013
010

5014
010

5015
010

5016
100

5017
100

5018
001

5019
100

5020
100

5021
010

5022
010

5023
001

5024
001

5025
001

5026
001

5027
100

5028
010

5029
001

5030
001

5031
010

5032
100

5033
010

5034
100

5035
001

5036
001

5037
010

5038
001

5039
010

5040
100

5041
010

5042
010

5043
010

5044
001

5045
010

5046
100

5047
001

5048
010

5049
010

5050
010

5051
100

5052
100

5053
001

5054
100

5055
100

5056
001

5057
001

5058
100

5059
001

5060
001

5061
010

5062
100

5063
001

5064
001

5065
010

5066
001

5067
100

5068
001

5069
001

5070
101

5071
001

5072
010

5073
001

5074
010

5075
001

5076
001

5077
001

5078
100

5079
001

5080
011

5081
100

5082
010

5083
010

5084
100

5085
100

5086
010

5087
011

5088
010

5089
010

5090
100

5091
001

5092
010

5093
010

5094
110

5095
001

5096
100

5097
100

5098
110

5099
100

5100
100

5101
010

5102
100

5103
100

5104
100

5105
100

5106
010

5107
100

5108
100

5109
100

5110
010

5111
010

5112
100

5113
001

5114
010

5115
010

5116
010

5117
010

5118
001

5119
001

5120
010

5121
100

5122
001

5123
001

5124
001

5125
001

5126
010

5127
001

5128
010

5129
100

5130
100

5131
011

5132
100

5133
001

5134
100

5135
010

5136
100

5137
100

5138
001

5139
001

5140
010

5141
010

5142
010

5143
001

5144
111

5145
100

5146
100

5147
100

5148
100

5149
101

5150
001

5151
010

5152
100

5153
001

5154
100

5155
100

5156
100

5157
010

5158
001

5159
010

5160
001

5161
001

5162
100

5163
001

5164
010

5165
100

5166
001

5167
001

5168
001

5169
100

5170
111

5171
100

5172
010

5173
100

5174
100

5175
010

5176
001

5177
100

5178
010

5179
001

5180
100

5181
010

5182
010

5183
100

5184
001

5185
001

5186
100

5187
010

5188
001

5189
001

5190
101

5191
001

5192
011

5193
100

5194
100

5195
001

5196
001

5197
001

5198
010

5199
001

5200
100

5201
001

5202
100

5203
001

5204
111

5205
001

5206
100

5207
010

5208
100

5209
010

5210
001

5211
001

5212
010

5213
010

5214
010

5215
100

5216
001

5217
001

5218
001

5219
100

5220
100

5221
001

5222
100

5223
010

5224
100

5225
001

5226
010

5227
001

5228
010

5229
100

5230
001

5231
001

5232
101

5233
010

5234
100

5235
100

5236
001

5237
100

5238
100

5239
011

5240
101

5241
001

5242
010

5243
001

5244
001

5245
100

5246
001

5247
010

5248
001

5249
100

5250
001

5251
010

5252
001

5253
100

5254
100

5255
010

5256
100

5257
100

5258
100

5259
100

5260
010

5261
100

5262
100

5263
001

5264
010

5265
010

5266
100

5267
001

5268
001

5269
010

5270
100

5271
101

5272
010

5273
010

5274
100

5275
001

5276
010

5277
100

5278
001

5279
100

5280
001

5281
001

5282
010

5283
100

5284
100

5285
010

5286
100

5287
100

5288
100

5289
100

5290
001

5291
100

5292
001

5293
010

5294
010

5295
001

5296
001

5297
001

5298
010

5299
010

5300
010

5301
001

5302
001

5303
010

5304
010

5305
001

5306
100

5307
100

5308
001

5309
010

5310
010

5311
100

5312
010

5313
001

5314
100

5315
010

5316
001

5317
100

5318
011

5319
100

5320
010

5321
100

5322
100

5323
100

5324
010

5325
001

5326
010

5327
100

5328
010

5329
100

5330
010

5331
010

5332
100

5333
001

5334
001

5335
001

5336
001

5337
010

5338
001

5339
001

5340
001

5341
001

5342
010

5343
010

5344
010

5345
001

5346
100

5347
111

5348
100

5349
010

5350
010

5351
100

5352
001

5353
001

5354
100

5355
001

5356
100

5357
001

5358
001

5359
100

5360
001

5361
001

5362
010

5363
001

5364
100

5365
100

5366
010

5367
001

5368
010

5369
100

5370
001

5371
100

5372
001

5373
010

5374
100

5375
100

5376
100

5377
010

5378
010

5379
001

5380
001

5381
010

5382
100

5383
010

5384
100

5385
001

5386
001

5387
100

5388
010

5389
010

5390
010

5391
010

5392
010

5393
010

5394
010

5395
110

5396
001

5397
001

5398
001

5399
100

5400
010

5401
100

5402
010

5403
100

5404
001

5405
010

5406
100

5407
010

5408
001

5409
001

5410
100

5411
010

5412
010

5413
010

5414
010

5415
001

5416
010

5417
100

5418
010

5419
010

5420
100

5421
100

5422
110

5423
001

5424
010

5425
001

5426
010

5427
010

5428
001

5429
111

5430
001

5431
010

5432
100

5433
010

5434
001

5435
100

5436
010

5437
001

5438
001

5439
100

5440
011

5441
110

5442
010

5443
110

5444
010

5445
010

5446
100

5447
010

5448
010

5449
110

5450
100

5451
010

5452
001

5453
001

5454
110

5455
010

5456
001

5457
001

5458
010

5459
010

5460
100

5461
101

5462
100

5463
100

5464
001

5465
001

5466
010

5467
100

5468
100

5469
010

5470
001

5471
010

5472
010

5473
010

5474
110

5475
100

5476
100

5477
100

5478
100

5479
100

5480
001

5481
001

5482
001

5483
100

5484
010

5485
010

5486
001

5487
001

5488
010

5489
001

5490
001

5491
010

5492
100

5493
010

5494
001

5495
001

5496
001

5497
001

5498
010

5499
010

5500
010

5501
110

5502
100

5503
010

5504
001

5505
001

5506
001

5507
001

5508
100

5509
001

5510
010

5511
010

5512
001

5513
010

5514
001

5515
100

5516
010

5517
100

5518
100

5519
001

5520
010

5521
001

5522
010

5523
001

5524
001

5525
001

5526
001

5527
100

5528
100

5529
100

5530
010

5531
100

5532
100

5533
100

5534
001

5535
001

5536
001

5537
101

5538
010

5539
010

5540
001

5541
010

5542
001

5543
001

5544
001

5545
100

5546
111

5547
100

5548
010

5549
001

5550
010

5551
001

5552
010

5553
001

5554
110

5555
100

5556
100

5557
001

5558
010

5559
001

5560
001

5561
010

5562
100

5563
001

5564
010

5565
100

5566
010

5567
100

5568
011

5569
100

5570
001

5571
010

5572
010

5573
001

5574
100

5575
010

5576
001

5577
110

5578
010

5579
001

5580
001

5581
001

5582
001

5583
001

5584
001

5585
010

5586
001

5587
100

5588
010

5589
010

5590
100

5591
001

5592
100

5593
001

5594
010

5595
100

5596
010

5597
010

5598
001

5599
010

5600
001

5601
101

5602
001

5603
100

5604
010

5605
100

5606
100

5607
100

5608
001

5609
001

5610
010

5611
010

5612
010

5613
001

5614
001

5615
001

5616
010

5617
001

5618
100

5619
001

5620
100

5621
001

5622
100

5623
100

5624
100

5625
001

5626
100

5627
010

5628
010

5629
001

5630
001

5631
001

5632
100

5633
010

5634
001

5635
110

5636
100

5637
010

5638
100

5639
010

5640
010

5641
100

5642
010

5643
100

5644
010

5645
001

5646
100

5647
100

5648
100

5649
100

5650
001

5651
100

5652
001

5653
001

5654
001

5655
001

5656
100

5657
001

5658
100

5659
100

5660
100

5661
001

5662
100

5663
010

5664
100

5665
100

5666
100

5667
001

5668
001

5669
100

5670
001

5671
100

5672
100

5673
010

5674
100

5675
001

5676
010

5677
010

5678
011

5679
010

5680
010

5681
110

5682
100

5683
100

5684
010

5685
010

5686
100

5687
100

5688
001

5689
001

5690
010

5691
001

5692
101

5693
100

5694
001

5695
100

5696
001

5697
100

5698
100

5699
010

5700
001

5701
001

5702
010

5703
010

5704
001

5705
100

5706
010

5707
001

5708
010

5709
001

5710
100

5711
001

5712
010

5713
001

5714
010

5715
001

5716
100

5717
001

5718
100

5719
001

5720
100

5721
100

5722
100

5723
010

5724
100

5725
001

5726
100

5727
100

5728
010

5729
010

5730
010

5731
100

5732
100

5733
010

5734
001

5735
010

5736
100

5737
100

5738
100

5739
010

5740
010

5741
100

5742
100

5743
001

5744
010

5745
010

5746
100

5747
001

5748
001

5749
010

5750
010

5751
001

5752
010

5753
001

5754
100

5755
100

5756
100

5757
001

5758
100

5759
010

5760
100

5761
100

5762
101

5763
100

5764
100

5765
010

5766
010

5767
100

5768
001

5769
001

5770
010

5771
001

5772
001

5773
100

5774
001

5775
100

5776
010

5777
010

5778
111

5779
001

5780
001

5781
001

5782
010

5783
010

5784
001

5785
001

5786
100

5787
100

5788
001

5789
100

5790
010

5791
100

5792
001

5793
100

5794
010

5795
111

5796
010

5797
010

5798
001

5799
100

5800
100

5801
001

5802
010

5803
001

5804
010

5805
001

5806
001

5807
001

5808
100

5809
100

5810
100

5811
001

5812
100

5813
100

5814
010

5815
011

5816
001

5817
001

5818
100

5819
100

5820
100

5821
001

5822
010

5823
001

5824
110

5825
101

5826
100

5827
110

5828
001

5829
001

5830
001

5831
010

5832
010

5833
100

5834
001

5835
001

5836
011

5837
001

5838
100

5839
001

5840
010

5841
101

5842
001

5843
100

5844
100

5845
100

5846
001

5847
100

5848
100

5849
001

5850
001

5851
001

5852
100

5853
001

5854
100

5855
100

5856
001

5857
100

5858
001

5859
100

5860
100

5861
001

5862
001

5863
001

5864
010

5865
100

5866
001

5867
010

5868
001

5869
001

5870
001

5871
100

5872
001

5873
100

5874
100

5875
100

5876
100

5877
100

5878
100

5879
010

5880
100

5881
010

5882
100

5883
001

5884
100

5885
010

5886
010

5887
100

5888
010

5889
010

5890
001

5891
010

5892
001

5893
001

5894
010

5895
001

5896
010

5897
100

5898
100

5899
010

5900
001

5901
100

5902
010

5903
100

5904
001

5905
100

5906
100

5907
010

5908
001

5909
100

5910
001

5911
010

5912
101

5913
010

5914
001

5915
010

5916
001

5917
010

5918
010

5919
010

5920
100

5921
100

5922
100

5923
010

5924
010

5925
010

5926
010

5927
010

5928
010

5929
001

5930
100

5931
100

5932
100

5933
010

5934
001

5935
010

5936
001

5937
001

5938
100

5939
010

5940
100

5941
010

5942
001

5943
001

5944
010

5945
010

5946
010

5947
010

5948
100

5949
010

5950
100

5951
001

5952
010

5953
010

5954
100

5955
001

5956
100

5957
010

5958
100

5959
010

5960
001

5961
100

5962
010

5963
100

5964
010

5965
001

5966
100

5967
010

5968
010

5969
100

5970
010

5971
001

5972
010

5973
100

5974
100

5975
001

5976
011

5977
001

5978
010

5979
010

5980
101

5981
001

5982
100

5983
010

5984
100

5985
111

5986
100

5987
100

5988
100

5989
001

5990
100

5991
100

5992
010

5993
100

5994
100

5995
001

5996
100

5997
001

5998
010

5999
001

6000
100

6001
010

6002
010

6003
010

6004
010

6005
100

6006
010

6007
010

6008
010

6009
001

6010
001

6011
010

6012
100

6013
001

6014
001

6015
111

6016
001

6017
111

6018
100

6019
001

6020
001

6021
001

6022
010

6023
100

6024
100

6025
001

6026
001

6027
100

6028
100

6029
001

6030
100

6031
100

6032
100

6033
011

6034
001

6035
100

6036
001

6037
100

6038
001

6039
001

6040
001

6041
001

6042
010

6043
001

6044
001

6045
001

6046
001

6047
100

6048
001

6049
011

6050
010

6051
010

6052
100

6053
100

6054
100

6055
010

6056
010

6057
010

6058
001

6059
010

6060
001

6061
100

6062
001

6063
010

6064
010

6065
001

6066
100

6067
010

6068
010

6069
100

6070
100

6071
100

6072
010

6073
100

6074
010

6075
100

6076
010

6077
100

6078
101

6079
001

6080
100

6081
001

6082
100

6083
100

6084
010

6085
001

6086
010

6087
100

6088
001

6089
010

6090
100

6091
100

6092
001

6093
010

6094
010

6095
010

6096
010

6097
010

6098
001

6099
001

6100
100

6101
100

6102
001

6103
001

6104
010

6105
100

6106
001

6107
001

6108
100

6109
001

6110
001

6111
010

6112
001

6113
010

6114
100

6115
001

6116
001

6117
010

6118
010

6119
010

6120
010

6121
100

6122
001

6123
010

6124
001

6125
010

6126
010

6127
100

6128
010

6129
001

6130
010

6131
100

6132
001

6133
100

6134
100

6135
100

6136
001

6137
001

6138
001

6139
010

6140
010

6141
001

6142
100

6143
010

6144
010

6145
010

6146
010

6147
010

6148
010

6149
010

6150
100

6151
001

6152
010

6153
001

6154
010

6155
010

6156
101

6157
001

6158
001

6159
001

6160
100

6161
010

6162
010

6163
001

6164
001

6165
100

6166
010

6167
001

6168
100

6169
001

6170
100

6171
100

6172
100

6173
001

6174
101

6175
100

6176
010

6177
010

6178
100

6179
100

6180
010

6181
001

6182
010

6183
010

6184
001

6185
100

6186
100

6187
010

6188
100

6189
100

6190
010

6191
100

6192
110

6193
001

6194
001

6195
100

6196
010

6197
010

6198
111

6199
011

6200
010

6201
010

6202
001

6203
100

6204
010

6205
001

6206
010

6207
100

6208
010

6209
010

6210
100

6211
010

6212
001

6213
100

6214
010

6215
001

6216
010

6217
010

6218
100

6219
010

6220
001

6221
001

6222
001

6223
010

6224
100

6225
010

6226
010

6227
001

6228
010

6229
001

6230
011

6231
001

6232
010

6233
100

6234
010

6235
010

6236
001

6237
010

6238
010

6239
100

6240
100

6241
100

6242
001

6243
010

6244
100

6245
001

6246
001

6247
001

6248
010

6249
001

6250
010

6251
001

6252
001

6253
001

6254
100

6255
010

6256
001

6257
100

6258
100

6259
100

6260
100

6261
001

6262
001

6263
001

6264
100

6265
100

6266
001

6267
001

6268
001

6269
010

6270
101

6271
010

6272
100

6273
100

6274
001

6275
010

6276
001

6277
001

6278
010

6279
001

6280
010

6281
010

6282
100

6283
100

6284
001

6285
111

6286
100

6287
010

6288
010

6289
001

6290
001

6291
100

6292
001

6293
001

6294
100

6295
100

6296
001

6297
100

6298
010

6299
100

6300
001

6301
010

6302
100

6303
010

6304
001

6305
100

6306
010

6307
001

6308
010

6309
010

6310
100

6311
010

6312
010

6313
001

6314
010

6315
010

6316
100

6317
010

6318
001

6319
010

6320
010

6321
100

6322
100

6323
010

6324
100

6325
100

6326
010

6327
100

6328
001

6329
001

6330
001

6331
100

6332
010

6333
001

6334
001

6335
111

6336
100

6337
010

6338
001

6339
100

6340
100

6341
001

6342
010

6343
001

6344
001

6345
010

6346
100

6347
010

6348
011

6349
010

6350
100

6351
010

6352
001

6353
101

6354
100

6355
001

6356
100

6357
001

6358
100

6359
100

6360
001

6361
010

6362
100

6363
001

6364
100

6365
010

6366
100

6367
010

6368
100

6369
101

6370
001

6371
010

6372
100

6373
100

6374
010

6375
100

6376
010

6377
010

6378
001

6379
010

6380
100

6381
010

6382
101

6383
001

6384
010

6385
100

6386
001

6387
001

6388
010

6389
010

6390
010

6391
010

6392
100

6393
001

6394
001

6395
010

6396
001

6397
100

6398
001

6399
100

6400
100

6401
010

6402
001

6403
010

6404
010

6405
010

6406
100

6407
001

6408
100

6409
001

6410
100

6411
100

6412
100

6413
110

6414
010

6415
010

6416
001

6417
001

6418
001

6419
010

6420
001

6421
001

6422
110

6423
010

6424
100

6425
100

6426
001

6427
100

6428
010

6429
100

6430
100

6431
001

6432
001

6433
010

6434
001

6435
100

6436
100

6437
001

6438
001

6439
001

6440
100

6441
100

6442
001

6443
100

6444
001

6445
100

6446
011

6447
100

6448
001

6449
001

6450
100

6451
111

6452
010

6453
001

6454
001

6455
001

6456
001

6457
100

6458
010

6459
001

6460
001

6461
001

6462
001

6463
010

6464
100

6465
001

6466
100

6467
100

6468
001

6469
010

6470
100

6471
001

6472
001

6473
001

6474
010

6475
100

6476
100

6477
100

6478
100

6479
001

6480
100

6481
101

6482
001

6483
100

6484
011

6485
100

6486
001

6487
010

6488
010

6489
100

6490
110

6491
001

6492
010

6493
001

6494
010

6495
010

6496
010

6497
010

6498
001

6499
001

6500
011

6501
001

6502
001

6503
010

6504
010

6505
001

6506
001

6507
001

6508
100

6509
100

6510
101

6511
010

6512
010

6513
010

6514
010

6515
001

6516
001

6517
100

6518
100

6519
010

6520
011

6521
100

6522
010

6523
010

6524
010

6525
100

6526
100

6527
100

6528
100

6529
100

6530
010

6531
100

6532
100

6533
100

6534
100

6535
100

6536
100

6537
001

6538
010

6539
001

6540
001

6541
010

6542
100

6543
010

6544
111

6545
010

6546
100

6547
100

6548
001

6549
010

6550
100

6551
010

6552
100

6553
100

6554
001

6555
100

6556
001

6557
001

6558
001

6559
001

6560
100

6561
010

6562
001

6563
100

6564
010

6565
100

6566
010

6567
001

6568
100

6569
010

6570
100

6571
010

6572
001

6573
100

6574
100

6575
001

6576
010

6577
100

6578
100

6579
010

6580
100

6581
100

6582
100

6583
010

6584
001

6585
100

6586
100

6587
001

6588
010

6589
010

6590
110

6591
100

6592
010

6593
001

6594
100

6595
100

6596
100

6597
010

6598
001

6599
001

6600
100

6601
010

6602
010

6603
001

6604
010

6605
001

6606
100

6607
001

6608
100

6609
010

6610
010

6611
010

6612
010

6613
010

6614
001

6615
001

6616
010

6617
010

6618
010

6619
100

6620
100

6621
100

6622
010

6623
111

6624
001

6625
100

6626
010

6627
100

6628
001

6629
010

6630
001

6631
100

6632
011

6633
100

6634
010

6635
010

6636
010

6637
100

6638
100

6639
100

6640
010

6641
100

6642
001

6643
001

6644
100

6645
100

6646
010

6647
100

6648
100

6649
010

6650
101

6651
001

6652
001

6653
010

6654
100

6655
010

6656
100

6657
001

6658
001

6659
001

6660
100

6661
010

6662
010

6663
001

6664
001

6665
100

6666
100

6667
001

6668
010

6669
010

6670
010

6671
100

6672
100

6673
010

6674
100

6675
010

6676
100

6677
001

6678
100

6679
100

6680
010

6681
100

6682
100

6683
001

6684
010

6685
001

6686
010

6687
010

6688
001

6689
010

6690
100

6691
001

6692
100

6693
100

6694
001

6695
100

6696
010

6697
001

6698
100

6699
010

6700
010

6701
100

6702
001

6703
001

6704
100

6705
010

6706
010

6707
001

6708
100

6709
100

6710
010

6711
001

6712
010

6713
100

6714
010

6715
010

6716
010

6717
010

6718
100

6719
100

6720
001

6721
100

6722
001

6723
100

6724
001

6725
001

6726
010

6727
001

6728
010

6729
010

6730
001

6731
010

6732
100

6733
001

6734
001

6735
101

6736
100

6737
010

6738
100

6739
010

6740
100

6741
001

6742
001

6743
001

6744
010

6745
001

6746
001

6747
010

6748
010

6749
010

6750
010

6751
001

6752
001

6753
100

6754
010

6755
100

6756
001

6757
010

6758
100

6759
010

6760
001

6761
100

6762
100

6763
010

6764
111

6765
100

6766
010

6767
011

6768
010

6769
010

6770
010

6771
100

6772
010

6773
001

6774
001

6775
100

6776
010

6777
100

6778
001

6779
100

6780
001

6781
100

6782
010

6783
100

6784
001

6785
010

6786
010

6787
100

6788
001

6789
100

6790
100

6791
001

6792
010

6793
100

6794
100

6795
001

6796
010

6797
010

6798
010

6799
010

6800
010

6801
100

6802
100

6803
001

6804
111

6805
010

6806
100

6807
100

6808
001

6809
100

6810
100

6811
010

6812
100

6813
010

6814
010

6815
100

6816
001

6817
010

6818
001

6819
001

6820
100

6821
010

6822
001

6823
100

6824
001

6825
010

6826
010

6827
010

6828
001

6829
010

6830
110

6831
010

6832
100

6833
001

6834
010

6835
111

6836
001

6837
001

6838
101

6839
100

6840
010

6841
010

6842
100

6843
010

6844
100

6845
001

6846
001

6847
100

6848
100

6849
100

6850
001

6851
100

6852
010

6853
100

6854
010

6855
100

6856
001

6857
001

6858
100

6859
010

6860
010

6861
001

6862
010

6863
010

6864
001

6865
100

6866
100

6867
010

6868
001

6869
010

6870
100

6871
010

6872
010

6873
111

6874
010

6875
100

6876
010

6877
010

6878
100

6879
100

6880
100

6881
110

6882
101

6883
100

6884
010

6885
010

6886
110

6887
100

6888
010

6889
001

6890
001

6891
100

6892
010

6893
010

6894
100

6895
100

6896
010

6897
001

6898
010

6899
010

6900
100

6901
100

6902
100

6903
100

6904
010

6905
010

6906
100

6907
001

6908
010

6909
001

6910
010

6911
001

6912
010

6913
010

6914
100

6915
001

6916
100

6917
010

6918
010

6919
010

6920
100

6921
100

6922
100

6923
010

6924
110

6925
001

6926
001

6927
001

6928
010

6929
001

6930
001

6931
010

6932
100

6933
001

6934
100

6935
100

6936
001

6937
001

6938
010

6939
001

6940
100

6941
100

6942
010

6943
001

6944
100

6945
001

6946
010

6947
100

6948
010

6949
001

6950
001

6951
010

6952
010

6953
010

6954
100

6955
010

6956
100

6957
100

6958
010

6959
100

6960
010

6961
100

6962
100

6963
001

6964
010

6965
100

6966
001

6967
001

6968
010

6969
100

6970
010

6971
010

6972
111

6973
001

6974
100

6975
001

6976
010

6977
100

6978
100

6979
010

6980
010

6981
100

6982
010

6983
001

6984
100

6985
010

6986
001

6987
010

6988
001

6989
100

6990
001

6991
010

6992
100

6993
001

6994
001

6995
010

6996
001

6997
001

6998
010

6999
001

7000
100

7001
010

7002
010

7003
010

7004
100

7005
100

7006
010

7007
010

7008
100

7009
100

7010
100

7011
001

7012
010

7013
100

7014
100

7015
100

7016
010

7017
010

7018
010

7019
101

7020
010

7021
001

7022
100

7023
010

7024
010

7025
010

7026
001

7027
001

7028
010

7029
010

7030
100

7031
001

7032
100

7033
010

7034
010

7035
001

7036
001

7037
001

7038
001

7039
101

7040
100

7041
001

7042
100

7043
001

7044
001

7045
001

7046
100

7047
100

7048
010

7049
100

7050
100

7051
001

7052
010

7053
010

7054
100

7055
100

7056
100

7057
010

7058
001

7059
001

7060
010

7061
100

7062
100

7063
001

7064
100

7065
100

7066
001

7067
100

7068
010

7069
010

7070
100

7071
001

7072
100

7073
100

7074
101

7075
100

7076
001

7077
001

7078
100

7079
100

7080
010

7081
001

7082
100

7083
100

7084
010

7085
001

7086
100

7087
010

7088
100

7089
100

7090
100

7091
100

7092
010

7093
001

7094
001

7095
100

7096
010

7097
001

7098
100

7099
010

7100
001

7101
010

7102
100

7103
110

7104
010

7105
100

7106
001

7107
010

7108
100

7109
100

7110
010

7111
001

7112
010

7113
001

7114
010

7115
001

7116
001

7117
100

7118
001

7119
101

7120
010

7121
010

7122
111

7123
010

7124
100

7125
100

7126
100

7127
010

7128
010

7129
001

7130
010

7131
001

7132
001

7133
010

7134
001

7135
100

7136
001

7137
010

7138
100

7139
001

7140
010

7141
100

7142
010

7143
100

7144
010

7145
010

7146
010

7147
011

7148
010

7149
010

7150
100

7151
010

7152
010

7153
100

7154
001

7155
010

7156
010

7157
010

7158
100

7159
010

7160
010

7161
001

7162
100

7163
010

7164
001

7165
001

7166
001

7167
010

7168
010

7169
100

7170
001

7171
001

7172
100

7173
100

7174
100

7175
100

7176
100

7177
010

7178
010

7179
001

7180
100

7181
010

7182
010

7183
001

7184
010

7185
001

7186
101

7187
100

7188
001

7189
010

7190
010

7191
110

7192
001

7193
100

7194
100

7195
100

7196
100

7197
001

7198
100

7199
001

7200
100

7201
001

7202
100

7203
001

7204
001

7205
010

7206
100

7207
010

7208
010

7209
001

7210
001

7211
010

7212
001

7213
100

7214
100

7215
100

7216
001

7217
001

7218
010

7219
001

7220
011

7221
001

7222
010

7223
001

7224
100

7225
001

7226
001

7227
010

7228
010

7229
001

7230
100

7231
010

7232
001

7233
110

7234
100

7235
100

7236
010

7237
010

7238
010

7239
010

7240
001

7241
010

7242
100

7243
100

7244
100

7245
010

7246
001

7247
001

7248
001

7249
010

7250
001

7251
101

7252
100

7253
100

7254
010

7255
010

7256
100

7257
001

7258
010

7259
100

7260
001

7261
100

7262
100

7263
001

7264
010

7265
100

7266
001

7267
100

7268
010

7269
100

7270
010

7271
011

7272
100

7273
001

7274
001

7275
001

7276
010

7277
010

7278
001

7279
001

7280
001

7281
010

7282
001

7283
001

7284
001

7285
100

7286
100

7287
100

7288
100

7289
010

7290
010

7291
100

7292
100

7293
100

7294
100

7295
001

7296
100

7297
001

7298
100

7299
001

7300
001

7301
010

7302
001

7303
010

7304
100

7305
010

7306
010

7307
001

7308
100

7309
110

7310
100

7311
001

7312
001

7313
100

7314
100

7315
001

7316
010

7317
101

7318
010

7319
001

7320
001

7321
100

7322
011

7323
010

7324
001

7325
010

7326
100

7327
001

7328
100

7329
001

7330
010

7331
111

7332
010

7333
001

7334
100

7335
001

7336
001

7337
011

7338
010

7339
100

7340
001

7341
100

7342
001

7343
010

7344
001

7345
010

7346
001

7347
010

7348
010

7349
100

7350
100

7351
001

7352
010

7353
001

7354
010

7355
010

7356
101

7357
100

7358
010

7359
100

7360
001

7361
100

7362
100

7363
001

7364
010

7365
001

7366
100

7367
100

7368
010

7369
001

7370
001

7371
100

7372
001

7373
001

7374
010

7375
001

7376
001

7377
001

7378
101

7379
100

7380
100

7381
001

7382
001

7383
100

7384
001

7385
010

7386
010

7387
010

7388
010

7389
001

7390
001

7391
010

7392
001

7393
100

7394
100

7395
010

7396
100

7397
100

7398
001

7399
100

7400
010

7401
010

7402
010

7403
001

7404
010

7405
001

7406
001

7407
100

7408
001

7409
100

7410
001

7411
001

7412
010

7413
001

7414
010

7415
001

7416
010

7417
001

7418
100

7419
001

7420
010

7421
010

7422
100

7423
010

7424
010

7425
010

7426
001

7427
100

7428
100

7429
001

7430
001

7431
010

7432
100

7433
100

7434
010

7435
010

7436
100

7437
100

7438
001

7439
100

7440
010

7441
100

7442
010

7443
010

7444
100

7445
100

7446
110

7447
100

7448
001

7449
011

7450
100

7451
001

7452
100

7453
010

7454
100

7455
001

7456
001

7457
010

7458
100

7459
010

7460
100

7461
100

7462
100

7463
100

7464
100

7465
010

7466
100

7467
001

7468
001

7469
100

7470
001

7471
010

7472
010

7473
010

7474
010

7475
010

7476
001

7477
100

7478
100

7479
010

7480
001

7481
001

7482
001

7483
001

7484
100

7485
100

7486
100

7487
001

7488
100

7489
010

7490
010

7491
001

7492
001

7493
001

7494
010

7495
001

7496
010

7497
010

7498
010

7499
001

7500
001

7501
100

7502
010

7503
010

7504
010

7505
100

7506
001

7507
100

7508
100

7509
010

7510
010

7511
001

7512
100

7513
001

7514
010

7515
110

7516
001

7517
001

7518
010

7519
010

7520
010

7521
001

7522
010

7523
001

7524
100

7525
010

7526
100

7527
001

7528
001

7529
100

7530
100

7531
001

7532
010

7533
010

7534
100

7535
010

7536
100

7537
010

7538
010

7539
010

7540
001

7541
100

7542
010

7543
100

7544
010

7545
001

7546
100

7547
010

7548
100

7549
001

7550
100

7551
001

7552
001

7553
010

7554
010

7555
001

7556
001

7557
100

7558
001

7559
100

7560
100

7561
100

7562
010

7563
010

7564
010

7565
101

7566
010

7567
001

7568
010

7569
001

7570
010

7571
100

7572
010

7573
010

7574
111

7575
001

7576
100

7577
001

7578
100

7579
010

7580
010

7581
010

7582
100

7583
100

7584
100

7585
001

7586
010

7587
010

7588
100

7589
010

7590
100

7591
001

7592
100

7593
100

7594
001

7595
010

7596
010

7597
100

7598
001

7599
010

7600
100

7601
010

7602
001

7603
001

7604
001

7605
010

7606
100

7607
010

7608
010

7609
001

7610
100

7611
010

7612
100

7613
100

7614
100

7615
001

7616
010

7617
101

7618
100

7619
010

7620
001

7621
100

7622
001

7623
001

7624
111

7625
001

7626
001

7627
100

7628
001

7629
010

7630
100

7631
010

7632
010

7633
100

7634
010

7635
100

7636
100

7637
001

7638
110

7639
001

7640
001

7641
100

7642
100

7643
100

7644
001

7645
010

7646
001

7647
011

7648
100

7649
100

7650
001

7651
010

7652
010

7653
100

7654
010

7655
001

7656
100

7657
001

7658
001

7659
100

7660
001

7661
001

7662
010

7663
001

7664
100

7665
001

7666
100

7667
010

7668
001

7669
100

7670
001

7671
010

7672
010

7673
001

7674
010

7675
100

7676
100

7677
101

7678
001

7679
010

7680
100

7681
010

7682
011

7683
001

7684
010

7685
001

7686
010

7687
001

7688
001

7689
001

7690
001

7691
010

7692
110

7693
100

7694
001

7695
001

7696
001

7697
100

7698
001

7699
010

7700
100

7701
010

7702
001

7703
010

7704
010

7705
001

7706
100

7707
110

7708
001

7709
010

7710
001

7711
001

7712
010

7713
010

7714
100

7715
001

7716
010

7717
001

7718
101

7719
010

7720
100

7721
100

7722
010

7723
010

7724
010

7725
001

7726
111

7727
001

7728
010

7729
100

7730
001

7731
010

7732
010

7733
100

7734
010

7735
001

7736
010

7737
101

7738
010

7739
001

7740
100

7741
001

7742
001

7743
010

7744
001

7745
001

7746
010

7747
101

7748
001

7749
100

7750
100

7751
001

7752
100

7753
001

7754
001

7755
100

7756
100

7757
100

7758
001

7759
100

7760
100

7761
010

7762
001

7763
010

7764
010

7765
010

7766
100

7767
001

7768
100

7769
100

7770
100

7771
001

7772
101

7773
101

7774
100

7775
001

7776
001

7777
001

7778
100

7779
010

7780
001

7781
110

7782
001

7783
100

7784
010

7785
010

7786
010

7787
001

7788
100

7789
100

7790
001

7791
001

7792
110

7793
111

7794
100

7795
010

7796
001

7797
001

7798
001

7799
001

7800
001

7801
001

7802
100

7803
001

7804
001

7805
010

7806
100

7807
010

7808
100

7809
010

7810
001

7811
001

7812
001

7813
010

7814
001

7815
010

7816
010

7817
010

7818
001

7819
010

7820
010

7821
001

7822
001

7823
001

7824
100

7825
010

7826
100

7827
100

7828
010

7829
100

7830
010

7831
001

7832
001

7833
010

7834
001

7835
001

7836
001

7837
001

7838
010

7839
100

7840
111

7841
001

7842
001

7843
100

7844
110

7845
001

7846
010

7847
100

7848
101

7849
010

7850
101

7851
001

7852
100

7853
010

7854
100

7855
100

7856
010

7857
001

7858
110

7859
010

7860
110

7861
001

7862
001

7863
010

7864
010

7865
100

7866
001

7867
001

7868
010

7869
100

7870
010

7871
001

7872
100

7873
010

7874
001

7875
001

7876
100

7877
010

7878
001

7879
100

7880
100

7881
001

7882
010

7883
100

7884
010

7885
111

7886
100

7887
010

7888
001

7889
001

7890
010

7891
010

7892
001

7893
011

7894
100

7895
010

7896
001

7897
010

7898
100

7899
010

7900
001

7901
100

7902
110

7903
010

7904
100

7905
001

7906
100

7907
100

7908
100

7909
010

7910
100

7911
010

7912
100

7913
100

7914
101

7915
001

7916
100

7917
101

7918
001

7919
010

7920
010

7921
010

7922
100

7923
001

7924
100

7925
001

7926
100

7927
001

7928
100

7929
010

7930
001

7931
001

7932
100

7933
010

7934
001

7935
001

7936
011

7937
001

7938
010

7939
001

7940
010

7941
001

7942
010

7943
100

7944
001

7945
001

7946
010

7947
010

7948
010

7949
001

7950
001

7951
001

7952
010

7953
001

7954
001

7955
010

7956
010

7957
001

7958
001

7959
001

7960
100

7961
001

7962
001

7963
001

7964
001

7965
100

7966
010

7967
010

7968
001

7969
001

7970
100

7971
100

7972
001

7973
001

7974
001

7975
100

7976
010

7977
001

7978
010

7979
001

7980
010

7981
001

7982
100

7983
001

7984
100

7985
100

7986
001

7987
100

7988
001

7989
001

7990
100

7991
100

7992
110

7993
100

7994
010

7995
100

7996
010

7997
010

7998
100

7999
101

8000
010

8001
100

8002
100

8003
100

8004
100

8005
100

8006
001

8007
001

8008
010

8009
100

8010
111

8011
100

8012
010

8013
100

8014
010

8015
100

8016
010

8017
001

8018
111

8019
001

8020
100

8021
100

8022
010

8023
001

8024
010

8025
100

8026
001

8027
001

8028
100

8029
001

8030
010

8031
101

8032
100

8033
010

8034
001

8035
010

8036
010

8037
010

8038
010

8039
001

8040
010

8041
011

8042
001

8043
001

8044
010

8045
001

8046
001

8047
010

8048
001

8049
100

8050
110

8051
110

8052
001

8053
100

8054
001

8055
001

8056
010

8057
001

8058
010

8059
100

8060
010

8061
100

8062
010

8063
001

8064
100

8065
010

8066
100

8067
010

8068
100

8069
010

8070
010

8071
010

8072
001

8073
100

8074
100

8075
010

8076
010

8077
011

8078
001

8079
100

8080
001

8081
001

8082
100

8083
010

8084
010

8085
100

8086
010

8087
010

8088
001

8089
100

8090
001

8091
100

8092
100

8093
010

8094
100

8095
011

8096
001

8097
010

8098
010

8099
011

8100
010

8101
001

8102
010

8103
010

8104
100

8105
100

8106
001

8107
001

8108
100

8109
001

8110
010

8111
100

8112
001

8113
001

8114
100

8115
001

8116
001

8117
001

8118
010

8119
001

8120
100

8121
100

8122
001

8123
010

8124
001

8125
011

8126
001

8127
010

8128
010

8129
010

8130
100

8131
001

8132
100

8133
010

8134
100

8135
011

8136
001

8137
001

8138
010

8139
010

8140
010

8141
010

8142
001

8143
010

8144
100

8145
100

8146
100

8147
100

8148
100

8149
001

8150
010

8151
100

8152
010

8153
100

8154
001

8155
100

8156
010

8157
100

8158
100

8159
001

8160
100

8161
010

8162
001

8163
100

8164
001

8165
100

8166
100

8167
101

8168
010

8169
010

8170
001

8171
010

8172
001

8173
001

8174
001

8175
100

8176
010

8177
100

8178
100

8179
100

8180
010

8181
100

8182
001

8183
110

8184
001

8185
100

8186
101

8187
100

8188
100

8189
100

8190
010

8191
100

8192
100

8193
001

8194
100

8195
001

8196
100

8197
100

8198
100

8199
100

8200
001

8201
100

8202
010

8203
001

8204
111

8205
111

8206
010

8207
010

8208
001

8209
001

8210
010

8211
001

8212
010

8213
100

8214
001

8215
001

8216
100

8217
001

8218
001

8219
001

8220
001

8221
001

8222
001

8223
100

8224
100

8225
001

8226
010

8227
010

8228
010

8229
010

8230
100

8231
010

8232
100

8233
001

8234
001

8235
010

8236
100

8237
001

8238
010

8239
100

8240
001

8241
010

8242
001

8243
001

8244
100

8245
100

8246
100

8247
001

8248
100

8249
010

8250
001

8251
001

8252
001

8253
010

8254
010

8255
100

8256
100

8257
100

8258
010

8259
001

8260
010

8261
100

8262
010

8263
100

8264
100

8265
010

8266
010

8267
010

8268
010

8269
010

8270
001

8271
100

8272
001

8273
010

8274
001

8275
001

8276
100

8277
100

8278
001

8279
001

8280
100

8281
100

8282
010

8283
001

8284
001

8285
010

8286
001

8287
010

8288
010

8289
010

8290
101

8291
100

8292
001

8293
010

8294
010

8295
100

8296
001

8297
101

8298
111

8299
100

8300
001

8301
100

8302
010

8303
100

8304
010

8305
001

8306
010

8307
001

8308
100

8309
010

8310
101

8311
010

8312
010

8313
100

8314
010

8315
010

8316
001

8317
001

8318
100

8319
100

8320
001

8321
100

8322
011

8323
010

8324
010

8325
001

8326
100

8327
010

8328
100

8329
001

8330
100

8331
010

8332
100

8333
010

8334
110

8335
010

8336
001

8337
100

8338
100

8339
100

8340
100

8341
001

8342
001

8343
010

8344
111

8345
110

8346
001

8347
010

8348
001

8349
010

8350
001

8351
010

8352
010

8353
001

8354
010

8355
010

8356
010

8357
100

8358
100

8359
100

8360
010

8361
110

8362
100

8363
010

8364
010

8365
001

8366
100

8367
001

8368
010

8369
100

8370
001

8371
010

8372
001

8373
001

8374
010

8375
010

8376
100

8377
010

8378
001

8379
001

8380
010

8381
010

8382
010

8383
010

8384
100

8385
001

8386
001

8387
110

8388
010

8389
001

8390
110

8391
010

8392
001

8393
100

8394
010

8395
010

8396
001

8397
001

8398
010

8399
001

8400
010

8401
100

8402
010

8403
100

8404
100

8405
010

8406
010

8407
010

8408
010

8409
100

8410
100

8411
100

8412
001

8413
100

8414
001

8415
101

8416
010

8417
101

8418
100

8419
001

8420
100

8421
001

8422
001

8423
100

8424
100

8425
001

8426
100

8427
100

8428
100

8429
010

8430
001

8431
010

8432
100

8433
001

8434
100

8435
001

8436
001

8437
010

8438
001

8439
100

8440
001

8441
001

8442
100

8443
001

8444
100

8445
100

8446
010

8447
011

8448
011

8449
010

8450
010

8451
001

8452
001

8453
001

8454
001

8455
010

8456
110

8457
010

8458
110

8459
010

8460
010

8461
100

8462
001

8463
100

8464
010

8465
100

8466
100

8467
010

8468
100

8469
010

8470
001

8471
010

8472
100

8473
100

8474
100

8475
001

8476
100

8477
100

8478
001

8479
001

8480
001

8481
100

8482
001

8483
010

8484
001

8485
010

8486
010

8487
001

8488
010

8489
001

8490
010

8491
010

8492
001

8493
010

8494
100

8495
100

8496
101

8497
001

8498
001

8499
001

8500
100

8501
100

8502
001

8503
010

8504
001

8505
100

8506
100

8507
010

8508
100

8509
010

8510
100

8511
011

8512
100

8513
001

8514
010

8515
010

8516
001

8517
010

8518
010

8519
001

8520
100

8521
110

8522
100

8523
010

8524
010

8525
010

8526
100

8527
100

8528
010

8529
100

8530
010

8531
001

8532
001

8533
100

8534
001

8535
011

8536
001

8537
001

8538
001

8539
010

8540
010

8541
010

8542
001

8543
001

8544
010

8545
010

8546
010

8547
001

8548
010

8549
100

8550
010

8551
001

8552
111

8553
010

8554
010

8555
100

8556
101

8557
100

8558
001

8559
100

8560
100

8561
010

8562
001

8563
001

8564
100

8565
010

8566
001

8567
001

8568
001

8569
100

8570
100

8571
001

8572
011

8573
100

8574
001

8575
100

8576
100

8577
001

8578
100

8579
001

8580
010

8581
001

8582
001

8583
001

8584
001

8585
001

8586
100

8587
100

8588
010

8589
100

8590
001

8591
100

8592
100

8593
010

8594
100

8595
001

8596
001

8597
100

8598
100

8599
001

8600
001

8601
100

8602
010

8603
100

8604
100

8605
001

8606
111

8607
010

8608
100

8609
100

8610
001

8611
011

8612
100

8613
100

8614
010

8615
001

8616
001

8617
001

8618
001

8619
100

8620
001

8621
001

8622
001

8623
100

8624
001

8625
001

8626
001

8627
100

8628
001

8629
001

8630
001

8631
001

8632
100

8633
100

8634
001

8635
010

8636
010

8637
010

8638
100

8639
100

8640
010

8641
010

8642
010

8643
001

8644
010

8645
100

8646
100

8647
010

8648
100

8649
001

8650
100

8651
010

8652
010

8653
010

8654
010

8655
001

8656
100

8657
001

8658
100

8659
001

8660
100

8661
010

8662
001

8663
001

8664
100

8665
010

8666
010

8667
100

8668
010

8669
010

8670
010

8671
001

8672
100

8673
010

8674
001

8675
010

8676
001

8677
100

8678
011

8679
001

8680
010

8681
100

8682
001

8683
001

8684
110

8685
100

8686
010

8687
011

8688
100

8689
010

8690
100

8691
100

8692
001

8693
100

8694
100

8695
010

8696
010

8697
010

8698
101

8699
010

8700
001

8701
100

8702
100

8703
010

8704
100

8705
010

8706
010

8707
010

8708
001

8709
010

8710
100

8711
100

8712
001

8713
001

8714
100

8715
010

8716
001

8717
001

8718
100

8719
010

8720
011

8721
100

8722
001

8723
010

8724
100

8725
001

8726
001

8727
001

8728
100

8729
001

8730
001

8731
010

8732
010

8733
010

8734
100

8735
001

8736
010

8737
100

8738
001

8739
001

8740
100

8741
100

8742
010

8743
110

8744
010

8745
010

8746
100

8747
010

8748
100

8749
101

8750
010

8751
010

8752
010

8753
001

8754
010

8755
100

8756
100

8757
100

8758
001

8759
010

8760
001

8761
001

8762
010

8763
001

8764
010

8765
010

8766
001

8767
010

8768
001

8769
010

8770
001

8771
100

8772
001

8773
010

8774
010

8775
010

8776
010

8777
010

8778
100

8779
001

8780
100

8781
001

8782
010

8783
100

8784
001

8785
100

8786
010

8787
100

8788
001

8789
001

8790
010

8791
010

8792
001

8793
010

8794
010

8795
001

8796
010

8797
001

8798
010

8799
010

8800
001

8801
110

8802
100

8803
010

8804
010

8805
001

8806
001

8807
011

8808
010

8809
001

8810
010

8811
010

8812
100

8813
100

8814
010

8815
001

8816
010

8817
001

8818
001

8819
010

8820
100

8821
001

8822
001

8823
001

8824
001

8825
100

8826
001

8827
001

8828
010

8829
001

8830
001

8831
100

8832
011

8833
001

8834
001

8835
001

8836
100

8837
010

8838
100

8839
100

8840
001

8841
010

8842
001

8843
010

8844
110

8845
010

8846
001

8847
001

8848
100

8849
010

8850
010

8851
110

8852
100

8853
010

8854
100

8855
010

8856
100

8857
001

8858
010

8859
001

8860
001

8861
100

8862
100

8863
010

8864
100

8865
100

8866
001

8867
011

8868
100

8869
010

8870
001

8871
010

8872
100

8873
001

8874
001

8875
001

8876
010

8877
001

8878
010

8879
010

8880
001

8881
100

8882
100

8883
100

8884
001

8885
001

8886
001

8887
010

8888
001

8889
001

8890
010

8891
010

8892
100

8893
001

8894
100

8895
100

8896
001

8897
001

8898
001

8899
001

8900
001

8901
001

8902
100

8903
010

8904
010

8905
001

8906
100

8907
001

8908
001

8909
010

8910
001

8911
010

8912
001

8913
001

8914
011

8915
001

8916
010

8917
001

8918
100

8919
101

8920
100

8921
100

8922
010

8923
100

8924
001

8925
100

8926
001

8927
010

8928
100

8929
100

8930
010

8931
001

8932
010

8933
010

8934
001

8935
010

8936
100

8937
100

8938
001

8939
010

8940
010

8941
010

8942
010

8943
010

8944
010

8945
100

8946
001

8947
001

8948
100

8949
011

8950
100

8951
100

8952
001

8953
010

8954
010

8955
100

8956
010

8957
100

8958
010

8959
010

8960
001

8961
001

8962
001

8963
010

8964
100

8965
010

8966
100

8967
001

8968
001

8969
100

8970
010

8971
100

8972
010

8973
001

8974
100

8975
001

8976
001

8977
010

8978
100

8979
011

8980
001

8981
001

8982
100

8983
100

8984
001

8985
001

8986
001

8987
001

8988
010

8989
010

8990
010

8991
010

8992
100

8993
100

8994
001

8995
100

8996
001

8997
100

8998
001

8999
001

9000
100

9001
010

9002
001

9003
100

9004
101

9005
100

9006
010

9007
010

9008
100

9009
001

9010
001

9011
010

9012
100

9013
001

9014
001

9015
010

9016
010

9017
001

9018
010

9019
100

9020
010

9021
100

9022
010

9023
001

9024
010

9025
100

9026
100

9027
001

9028
100

9029
001

9030
001

9031
001

9032
001

9033
100

9034
010

9035
001

9036
010

9037
100

9038
100

9039
011

9040
010

9041
010

9042
001

9043
010

9044
100

9045
010

9046
001

9047
001

9048
100

9049
001

9050
100

9051
001

9052
010

9053
010

9054
010

9055
010

9056
010

9057
010

9058
100

9059
010

9060
001

9061
010

9062
010

9063
010

9064
010

9065
010

9066
010

9067
010

9068
100

9069
100

9070
100

9071
100

9072
010

9073
001

9074
010

9075
010

9076
001

9077
100

9078
100

9079
010

9080
010

9081
100

9082
010

9083
010

9084
011

9085
001

9086
100

9087
010

9088
010

9089
001

9090
010

9091
010

9092
100

9093
010

9094
100

9095
100

9096
010

9097
001

9098
010

9099
010

9100
001

9101
010

9102
010

9103
100

9104
001

9105
001

9106
010

9107
001

9108
010

9109
100

9110
001

9111
101

9112
001

9113
001

9114
001

9115
010

9116
010

9117
001

9118
100

9119
001

9120
100

9121
010

9122
001

9123
010

9124
110

9125
010

9126
010

9127
001

9128
010

9129
010

9130
001

9131
001

9132
001

9133
100

9134
100

9135
100

9136
010

9137
100

9138
011

9139
010

9140
001

9141
010

9142
001

9143
100

9144
001

9145
010

9146
001

9147
100

9148
010

9149
010

9150
010

9151
010

9152
001

9153
100

9154
100

9155
100

9156
001

9157
010

9158
001

9159
100

9160
100

9161
100

9162
001

9163
001

9164
010

9165
100

9166
110

9167
010

9168
001

9169
100

9170
100

9171
001

9172
001

9173
001

9174
001

9175
100

9176
010

9177
001

9178
010

9179
001

9180
010

9181
010

9182
111

9183
010

9184
010

9185
100

9186
010

9187
010

9188
100

9189
010

9190
100

9191
100

9192
100

9193
001

9194
100

9195
100

9196
100

9197
100

9198
110

9199
001

9200
001

9201
100

9202
010

9203
010

9204
010

9205
010

9206
001

9207
001

9208
100

9209
010

9210
100

9211
001

9212
100

9213
100

9214
001

9215
010

9216
100

9217
010

9218
100

9219
010

9220
100

9221
010

9222
010

9223
010

9224
001

9225
010

9226
001

9227
011

9228
001

9229
001

9230
100

9231
100

9232
100

9233
010

9234
100

9235
001

9236
100

9237
010

9238
001

9239
010

9240
001

9241
100

9242
100

9243
001

9244
100

9245
100

9246
001

9247
001

9248
010

9249
010

9250
001

9251
010

9252
100

9253
100

9254
010

9255
100

9256
001

9257
010

9258
100

9259
100

9260
001

9261
110

9262
010

9263
001

9264
010

9265
001

9266
001

9267
001

9268
001

9269
010

9270
100

9271
100

9272
001

9273
011

9274
010

9275
100

9276
100

9277
010

9278
100

9279
010

9280
010

9281
100

9282
010

9283
100

9284
010

9285
001

9286
100

9287
001

9288
100

9289
111

9290
100

9291
010

9292
010

9293
100

9294
010

9295
001

9296
010

9297
010

9298
100

9299
001

9300
111

9301
001

9302
100

9303
010

9304
010

9305
100

9306
001

9307
100

9308
010

9309
010

9310
100

9311
100

9312
011

9313
010

9314
001

9315
100

9316
001

9317
100

9318
100

9319
100

9320
001

9321
011

9322
100

9323
001

9324
010

9325
010

9326
010

9327
010

9328
100

9329
100

9330
100

9331
010

9332
001

9333
001

9334
010

9335
001

9336
010

9337
001

9338
100

9339
100

9340
010

9341
100

9342
001

9343
001

9344
100

9345
100

9346
001

9347
001

9348
100

9349
010

9350
010

9351
100

9352
100

9353
010

9354
010

9355
001

9356
100

9357
010

9358
001

9359
111

9360
001

9361
010

9362
001

9363
100

9364
001

9365
001

9366
100

9367
100

9368
010

9369
010

9370
100

9371
001

9372
010

9373
100

9374
001

9375
001

9376
001

9377
001

9378
100

9379
001

9380
001

9381
100

9382
001

9383
001

9384
100

9385
100

9386
001

9387
001

9388
001

9389
010

9390
111

9391
011

9392
100

9393
011

9394
100

9395
010

9396
001

9397
010

9398
010

9399
010

9400
100

9401
011

9402
100

9403
110

9404
010

9405
001

9406
010

9407
100

9408
010

9409
001

9410
010

9411
010

9412
001

9413
010

9414
100

9415
100

9416
001

9417
100

9418
111

9419
010

9420
100

9421
001

9422
001

9423
100

9424
001

9425
010

9426
001

9427
100

9428
100

9429
001

9430
010

9431
001

9432
010

9433
010

9434
100

9435
100

9436
001

9437
001

9438
010

9439
010

9440
010

9441
001

9442
001

9443
001

9444
010

9445
100

9446
100

9447
010

9448
100

9449
010

9450
100

9451
001

9452
010

9453
001

9454
100

9455
010

9456
001

9457
100

9458
100

9459
010

9460
100

9461
001

9462
010

9463
100

9464
100

9465
001

9466
100

9467
100

9468
100

9469
001

9470
001

9471
001

9472
001

9473
010

9474
010

9475
010

9476
001

9477
001

9478
010

9479
100

9480
010

9481
100

9482
001

9483
010

9484
010

9485
100

9486
001

9487
100

9488
001

9489
010

9490
100

9491
100

9492
001

9493
010

9494
100

9495
001

9496
001

9497
100

9498
001

9499
010

9500
010

9501
100

9502
100

9503
010

9504
001

9505
001

9506
001

9507
001

9508
001

9509
010

9510
010

9511
001

9512
010

9513
010

9514
001

9515
100

9516
010

9517
001

9518
010

9519
010

9520
010

9521
001

9522
010

9523
001

9524
100

9525
010

9526
010

9527
100

9528
010

9529
100

9530
010

9531
100

9532
010

9533
001

9534
010

9535
100

9536
010

9537
001

9538
001

9539
100

9540
001

9541
100

9542
100

9543
010

9544
110

9545
010

9546
100

9547
010

9548
001

9549
010

9550
010

9551
010

9552
010

9553
100

9554
010

9555
001

9556
100

9557
010

9558
001

9559
001

9560
100

9561
100

9562
001

9563
100

9564
100

9565
010

9566
001

9567
100

9568
001

9569
010

9570
001

9571
001

9572
100

9573
010

9574
100

9575
101

9576
001

9577
100

9578
100

9579
010

9580
100

9581
100

9582
100

9583
010

9584
010

9585
010

9586
001

9587
100

9588
001

9589
001

9590
001

9591
010

9592
100

9593
010

9594
010

9595
010

9596
010

9597
001

9598
001

9599
010

9600
001

9601
100

9602
100

9603
010

9604
001

9605
110

9606
001

9607
010

9608
001

9609
010

9610
001

9611
001

9612
100

9613
010

9614
001

9615
001

9616
010

9617
001

9618
010

9619
100

9620
010

9621
100

9622
100

9623
010

9624
011

9625
001

9626
001

9627
010

9628
001

9629
001

9630
100

9631
100

9632
001

9633
100

9634
010

9635
100

9636
010

9637
100

9638
100

9639
100

9640
010

9641
001

9642
001

9643
100

9644
001

9645
001

9646
010

9647
100

9648
100

9649
001

9650
100

9651
001

9652
100

9653
010

9654
010

9655
001

9656
100

9657
100

9658
010

9659
100

9660
100

9661
100

9662
100

9663
001

9664
100

9665
100

9666
001

9667
010

9668
101

9669
100

9670
100

9671
001

9672
100

9673
001

9674
010

9675
100

9676
100

9677
001

9678
001

9679
010

9680
100

9681
001

9682
001

9683
001

9684
100

9685
100

9686
100

9687
001

9688
001

9689
010

9690
010

9691
010

9692
001

9693
001

9694
100

9695
001

9696
010

9697
100

9698
010

9699
010

9700
100

9701
111

9702
010

9703
010

9704
001

9705
100

9706
001

9707
001

9708
010

9709
100

9710
100

9711
001

9712
001

9713
100

9714
100

9715
100

9716
010

9717
010

9718
001

9719
001

9720
010

9721
001

9722
100

9723
100

9724
100

9725
100

9726
100

9727
100

9728
001

9729
100

9730
001

9731
010

9732
100

9733
001

9734
001

9735
010

9736
001

9737
001

9738
100

9739
100

9740
001

9741
001

9742
010

9743
001

9744
001

9745
010

9746
010

9747
010

9748
010

9749
001

9750
100

9751
100

9752
010

9753
100

9754
001

9755
100

9756
100

9757
001

9758
001

9759
001

9760
010

9761
100

9762
010

9763
001

9764
100

9765
100

9766
100

9767
001

9768
010

9769
010

9770
100

9771
001

9772
100

9773
010

9774
010

9775
100

9776
100

9777
010

9778
010

9779
100

9780
100

9781
010

9782
010

9783
010

9784
010

9785
010

9786
001

9787
100

9788
100

9789
100

9790
100

9791
100

9792
100

9793
010

9794
010

9795
100

9796
010

9797
100

9798
010

9799
010

9800
010

9801
001

9802
100

9803
010

9804
011

9805
100

9806
010

9807
100

9808
001

9809
010

9810
001

9811
001

9812
010

9813
101

9814
010

9815
010

9816
001

9817
001

9818
001

9819
100

9820
010

9821
001

9822
001

9823
100

9824
001

9825
010

9826
100

9827
110

9828
001

9829
001

9830
100

9831
100

9832
100

9833
001

9834
010

9835
010

9836
100

9837
100

9838
001

9839
010

9840
100

9841
001

9842
100

9843
010

9844
100

9845
100

9846
100

9847
100

9848
100

9849
001

9850
010

9851
001

9852
010

9853
100

9854
100

9855
100

9856
101

9857
010

9858
001

9859
001

9860
001

9861
001

9862
010

9863
100

9864
001

9865
010

9866
010

9867
001

9868
001

9869
011

9870
100

9871
100

9872
001

9873
001

9874
100

9875
100

9876
100

9877
100

9878
100

9879
100

9880
100

9881
100

9882
010

9883
001

9884
100

9885
010

9886
001

9887
100

9888
100

9889
010

9890
010

9891
001

9892
001

9893
100

9894
001

9895
010

9896
001

9897
001

9898
010

9899
001

9900
100

9901
010

9902
111

9903
100

9904
010

9905
010

9906
001

9907
100

9908
001

9909
010

9910
010

9911
100

9912
010

9913
001

9914
010

9915
100

9916
001

9917
100

9918
010

9919
010

9920
010

9921
001

9922
001

9923
100

9924
001

9925
001

9926
100

9927
100

9928
010

9929
001

9930
100

9931
100

9932
100

9933
010

9934
001

9935
100

9936
111

9937
100

9938
010

9939
001

9940
100

9941
001

9942
100

9943
001

9944
001

9945
001

9946
001

9947
100

9948
001

9949
100

9950
100

9951
001

9952
100

9953
010

9954
100

9955
100

9956
100

9957
100

9958
100

9959
010

9960
010

9961
001

9962
100

9963
001

9964
001

9965
100

9966
001

9967
010

9968
010

9969
100

9970
100

9971
001

9972
110

9973
100

9974
100

9975
010

9976
100

9977
100

9978
010

9979
010

9980
010

9981
001

9982
010

9983
010

9984
010

9985
100

9986
100

9987
100

9988
100

9989
100

9990
100

9991
100

9992
100

9993
010

9994
100

9995
100

9996
001

9997
010

9998
001

9999
001

