10000

0
10

1
01

2
10

3
01

4
11

5
01

6
01

7
10

8
10

9
01

10
01

11
10

12
11

13
01

14
10

15
10

16
01

17
10

18
10

19
01

20
11

21
10

22
01

23
10

24
01

25
10

26
10

27
01

28
10

29
10

30
10

31
10

32
01

33
10

34
10

35
01

36
01

37
11

38
10

39
01

40
01

41
01

42
10

43
11

44
10

45
10

46
01

47
01

48
01

49
10

50
10

51
01

52
10

53
10

54
10

55
10

56
01

57
01

58
01

59
10

60
01

61
01

62
01

63
10

64
01

65
01

66
10

67
01

68
10

69
10

70
01

71
01

72
01

73
01

74
01

75
01

76
01

77
01

78
01

79
01

80
11

81
10

82
01

83
01

84
10

85
10

86
01

87
10

88
01

89
01

90
10

91
10

92
10

93
01

94
10

95
10

96
10

97
11

98
10

99
10

100
10

101
01

102
01

103
01

104
10

105
11

106
01

107
01

108
11

109
01

110
10

111
01

112
10

113
01

114
01

115
10

116
01

117
01

118
01

119
10

120
01

121
01

122
11

123
10

124
10

125
01

126
01

127
10

128
01

129
01

130
10

131
11

132
10

133
10

134
10

135
10

136
10

137
10

138
01

139
10

140
01

141
01

142
10

143
10

144
01

145
01

146
10

147
01

148
10

149
01

150
10

151
10

152
01

153
11

154
10

155
01

156
01

157
10

158
01

159
01

160
01

161
10

162
10

163
01

164
01

165
10

166
01

167
01

168
10

169
10

170
10

171
10

172
10

173
10

174
01

175
10

176
10

177
10

178
01

179
10

180
01

181
01

182
10

183
01

184
10

185
10

186
11

187
01

188
10

189
10

190
01

191
10

192
01

193
01

194
01

195
10

196
01

197
01

198
10

199
10

200
10

201
10

202
01

203
10

204
10

205
10

206
11

207
01

208
01

209
01

210
01

211
10

212
01

213
01

214
10

215
10

216
10

217
01

218
10

219
10

220
10

221
10

222
10

223
10

224
10

225
01

226
01

227
10

228
10

229
01

230
10

231
01

232
10

233
10

234
01

235
10

236
01

237
10

238
10

239
01

240
01

241
01

242
01

243
01

244
01

245
11

246
01

247
01

248
01

249
01

250
10

251
10

252
10

253
10

254
10

255
10

256
10

257
10

258
01

259
01

260
01

261
01

262
01

263
01

264
10

265
10

266
10

267
10

268
10

269
10

270
01

271
10

272
10

273
10

274
01

275
10

276
01

277
10

278
01

279
01

280
10

281
10

282
01

283
01

284
10

285
01

286
10

287
01

288
01

289
10

290
10

291
10

292
01

293
10

294
01

295
10

296
10

297
10

298
11

299
10

300
10

301
01

302
01

303
10

304
01

305
01

306
01

307
01

308
01

309
01

310
01

311
01

312
10

313
10

314
10

315
01

316
01

317
10

318
10

319
01

320
10

321
10

322
11

323
10

324
01

325
10

326
10

327
10

328
10

329
10

330
10

331
10

332
01

333
01

334
10

335
10

336
10

337
10

338
01

339
10

340
01

341
10

342
01

343
01

344
10

345
10

346
01

347
01

348
10

349
01

350
10

351
10

352
10

353
10

354
01

355
01

356
10

357
10

358
10

359
10

360
01

361
10

362
10

363
10

364
10

365
10

366
10

367
01

368
10

369
01

370
10

371
01

372
10

373
01

374
10

375
10

376
10

377
10

378
01

379
01

380
01

381
01

382
10

383
10

384
01

385
10

386
10

387
01

388
10

389
10

390
10

391
10

392
10

393
10

394
10

395
01

396
01

397
01

398
01

399
01

400
11

401
11

402
10

403
11

404
10

405
01

406
01

407
10

408
10

409
01

410
10

411
01

412
01

413
01

414
01

415
01

416
01

417
10

418
01

419
10

420
01

421
01

422
01

423
10

424
10

425
10

426
01

427
10

428
10

429
01

430
01

431
01

432
01

433
01

434
01

435
01

436
01

437
01

438
01

439
01

440
10

441
10

442
10

443
10

444
10

445
10

446
01

447
10

448
10

449
10

450
10

451
11

452
10

453
10

454
10

455
01

456
01

457
01

458
10

459
10

460
01

461
10

462
10

463
01

464
10

465
01

466
01

467
01

468
10

469
01

470
10

471
01

472
01

473
10

474
10

475
01

476
10

477
10

478
10

479
10

480
01

481
10

482
10

483
10

484
10

485
10

486
01

487
01

488
10

489
10

490
10

491
01

492
10

493
01

494
01

495
01

496
10

497
01

498
10

499
11

500
01

501
10

502
01

503
10

504
01

505
10

506
10

507
01

508
01

509
01

510
10

511
01

512
01

513
10

514
01

515
01

516
01

517
01

518
10

519
10

520
01

521
01

522
10

523
01

524
01

525
01

526
01

527
01

528
01

529
10

530
10

531
01

532
10

533
01

534
01

535
01

536
10

537
10

538
01

539
01

540
01

541
01

542
01

543
10

544
10

545
10

546
10

547
10

548
10

549
10

550
10

551
10

552
01

553
01

554
10

555
10

556
10

557
10

558
01

559
10

560
01

561
10

562
10

563
01

564
10

565
01

566
01

567
10

568
01

569
10

570
01

571
01

572
10

573
01

574
01

575
01

576
10

577
01

578
11

579
01

580
10

581
01

582
10

583
01

584
01

585
10

586
01

587
10

588
01

589
10

590
11

591
10

592
01

593
01

594
10

595
01

596
10

597
01

598
01

599
10

600
10

601
01

602
10

603
01

604
10

605
01

606
10

607
10

608
01

609
01

610
10

611
01

612
01

613
10

614
01

615
01

616
10

617
11

618
10

619
10

620
01

621
10

622
01

623
01

624
10

625
10

626
01

627
10

628
01

629
11

630
10

631
10

632
01

633
01

634
01

635
01

636
01

637
10

638
10

639
10

640
10

641
10

642
10

643
01

644
01

645
01

646
01

647
01

648
10

649
10

650
10

651
10

652
10

653
01

654
01

655
10

656
01

657
10

658
01

659
10

660
01

661
10

662
01

663
10

664
01

665
10

666
01

667
10

668
10

669
10

670
01

671
10

672
10

673
01

674
10

675
10

676
01

677
01

678
01

679
10

680
01

681
01

682
01

683
01

684
10

685
10

686
10

687
10

688
01

689
10

690
10

691
01

692
01

693
10

694
10

695
10

696
11

697
01

698
01

699
01

700
01

701
10

702
01

703
01

704
10

705
10

706
01

707
01

708
10

709
10

710
01

711
10

712
01

713
01

714
10

715
10

716
01

717
01

718
01

719
10

720
01

721
10

722
10

723
10

724
01

725
10

726
10

727
01

728
10

729
01

730
01

731
10

732
10

733
01

734
10

735
10

736
10

737
10

738
10

739
10

740
10

741
01

742
10

743
01

744
01

745
01

746
01

747
01

748
01

749
10

750
10

751
01

752
10

753
01

754
10

755
01

756
01

757
10

758
10

759
10

760
01

761
10

762
10

763
10

764
01

765
10

766
01

767
01

768
01

769
10

770
10

771
10

772
10

773
11

774
10

775
11

776
01

777
01

778
10

779
10

780
10

781
01

782
10

783
10

784
10

785
10

786
10

787
01

788
10

789
01

790
10

791
01

792
10

793
10

794
10

795
01

796
01

797
01

798
10

799
11

800
01

801
10

802
10

803
10

804
10

805
10

806
10

807
10

808
10

809
01

810
01

811
10

812
01

813
01

814
10

815
01

816
10

817
10

818
10

819
01

820
10

821
10

822
01

823
01

824
10

825
10

826
10

827
01

828
01

829
01

830
01

831
01

832
01

833
01

834
10

835
10

836
10

837
01

838
01

839
10

840
10

841
01

842
10

843
01

844
10

845
01

846
11

847
01

848
01

849
10

850
10

851
01

852
01

853
11

854
10

855
01

856
01

857
01

858
10

859
01

860
10

861
01

862
01

863
01

864
01

865
10

866
10

867
01

868
10

869
10

870
10

871
10

872
01

873
01

874
01

875
01

876
01

877
10

878
01

879
10

880
10

881
01

882
10

883
01

884
01

885
10

886
11

887
10

888
10

889
10

890
10

891
11

892
10

893
01

894
10

895
10

896
01

897
01

898
10

899
01

900
10

901
01

902
01

903
01

904
01

905
01

906
10

907
10

908
01

909
01

910
11

911
01

912
10

913
01

914
10

915
10

916
01

917
01

918
01

919
01

920
01

921
10

922
10

923
01

924
11

925
01

926
01

927
01

928
10

929
10

930
01

931
01

932
10

933
10

934
10

935
10

936
01

937
01

938
10

939
01

940
01

941
01

942
10

943
10

944
01

945
01

946
10

947
10

948
01

949
10

950
01

951
10

952
01

953
01

954
10

955
01

956
10

957
10

958
10

959
10

960
01

961
10

962
10

963
10

964
10

965
01

966
01

967
01

968
10

969
10

970
10

971
10

972
10

973
10

974
10

975
01

976
01

977
01

978
10

979
01

980
01

981
01

982
01

983
10

984
10

985
10

986
10

987
10

988
01

989
01

990
10

991
01

992
01

993
01

994
01

995
10

996
01

997
01

998
01

999
10

1000
10

1001
10

1002
10

1003
01

1004
11

1005
10

1006
10

1007
01

1008
10

1009
10

1010
01

1011
10

1012
01

1013
10

1014
10

1015
01

1016
01

1017
10

1018
10

1019
01

1020
10

1021
01

1022
10

1023
10

1024
10

1025
10

1026
10

1027
01

1028
01

1029
01

1030
10

1031
01

1032
01

1033
10

1034
01

1035
10

1036
01

1037
10

1038
01

1039
10

1040
01

1041
01

1042
01

1043
01

1044
01

1045
10

1046
01

1047
11

1048
10

1049
01

1050
11

1051
01

1052
01

1053
01

1054
01

1055
10

1056
10

1057
10

1058
01

1059
10

1060
01

1061
10

1062
10

1063
11

1064
10

1065
10

1066
01

1067
01

1068
01

1069
10

1070
01

1071
01

1072
01

1073
10

1074
01

1075
10

1076
10

1077
01

1078
10

1079
01

1080
01

1081
01

1082
01

1083
10

1084
10

1085
01

1086
10

1087
10

1088
01

1089
10

1090
10

1091
10

1092
01

1093
01

1094
01

1095
11

1096
01

1097
10

1098
10

1099
01

1100
10

1101
10

1102
01

1103
01

1104
10

1105
01

1106
10

1107
01

1108
01

1109
10

1110
10

1111
10

1112
10

1113
10

1114
10

1115
10

1116
01

1117
10

1118
01

1119
10

1120
10

1121
10

1122
01

1123
10

1124
01

1125
10

1126
10

1127
10

1128
01

1129
01

1130
01

1131
10

1132
10

1133
10

1134
01

1135
10

1136
01

1137
10

1138
01

1139
10

1140
01

1141
10

1142
10

1143
01

1144
01

1145
01

1146
01

1147
10

1148
01

1149
10

1150
10

1151
10

1152
01

1153
01

1154
01

1155
10

1156
10

1157
10

1158
11

1159
01

1160
10

1161
10

1162
01

1163
01

1164
10

1165
10

1166
10

1167
10

1168
11

1169
01

1170
01

1171
01

1172
10

1173
01

1174
10

1175
01

1176
01

1177
01

1178
10

1179
10

1180
10

1181
10

1182
01

1183
10

1184
01

1185
01

1186
10

1187
10

1188
10

1189
01

1190
10

1191
10

1192
10

1193
11

1194
01

1195
01

1196
01

1197
10

1198
01

1199
01

1200
01

1201
01

1202
10

1203
10

1204
01

1205
10

1206
01

1207
10

1208
10

1209
01

1210
01

1211
01

1212
10

1213
01

1214
01

1215
01

1216
10

1217
01

1218
01

1219
01

1220
10

1221
10

1222
10

1223
01

1224
10

1225
01

1226
01

1227
01

1228
01

1229
01

1230
10

1231
01

1232
01

1233
01

1234
10

1235
10

1236
10

1237
01

1238
01

1239
10

1240
01

1241
01

1242
01

1243
01

1244
01

1245
01

1246
01

1247
10

1248
10

1249
01

1250
01

1251
10

1252
10

1253
10

1254
01

1255
01

1256
10

1257
10

1258
01

1259
01

1260
01

1261
10

1262
01

1263
01

1264
10

1265
10

1266
11

1267
01

1268
01

1269
01

1270
10

1271
10

1272
10

1273
10

1274
10

1275
10

1276
11

1277
11

1278
01

1279
01

1280
01

1281
10

1282
01

1283
01

1284
10

1285
01

1286
10

1287
10

1288
10

1289
10

1290
01

1291
01

1292
10

1293
10

1294
01

1295
01

1296
10

1297
01

1298
10

1299
10

1300
10

1301
01

1302
01

1303
01

1304
01

1305
01

1306
01

1307
10

1308
01

1309
01

1310
01

1311
01

1312
01

1313
11

1314
10

1315
01

1316
01

1317
01

1318
01

1319
10

1320
01

1321
01

1322
01

1323
01

1324
01

1325
10

1326
10

1327
10

1328
10

1329
01

1330
10

1331
01

1332
10

1333
01

1334
10

1335
10

1336
01

1337
10

1338
10

1339
10

1340
10

1341
01

1342
01

1343
10

1344
01

1345
10

1346
01

1347
10

1348
01

1349
11

1350
01

1351
10

1352
11

1353
01

1354
10

1355
01

1356
01

1357
10

1358
01

1359
01

1360
11

1361
10

1362
10

1363
01

1364
01

1365
10

1366
10

1367
01

1368
01

1369
10

1370
10

1371
01

1372
10

1373
10

1374
10

1375
10

1376
01

1377
01

1378
01

1379
01

1380
01

1381
10

1382
10

1383
01

1384
01

1385
01

1386
01

1387
10

1388
01

1389
01

1390
10

1391
11

1392
01

1393
01

1394
01

1395
10

1396
10

1397
10

1398
10

1399
10

1400
10

1401
10

1402
01

1403
10

1404
01

1405
01

1406
01

1407
01

1408
01

1409
01

1410
10

1411
10

1412
10

1413
01

1414
10

1415
10

1416
10

1417
01

1418
10

1419
01

1420
10

1421
01

1422
01

1423
01

1424
10

1425
10

1426
01

1427
01

1428
10

1429
10

1430
10

1431
10

1432
10

1433
01

1434
01

1435
10

1436
01

1437
01

1438
10

1439
10

1440
01

1441
01

1442
01

1443
01

1444
10

1445
01

1446
01

1447
01

1448
10

1449
01

1450
10

1451
11

1452
10

1453
01

1454
01

1455
10

1456
11

1457
10

1458
10

1459
10

1460
01

1461
10

1462
11

1463
01

1464
01

1465
01

1466
10

1467
01

1468
10

1469
01

1470
01

1471
01

1472
01

1473
10

1474
10

1475
01

1476
11

1477
10

1478
10

1479
01

1480
01

1481
10

1482
10

1483
01

1484
10

1485
11

1486
01

1487
10

1488
10

1489
01

1490
10

1491
01

1492
01

1493
10

1494
10

1495
10

1496
10

1497
01

1498
10

1499
01

1500
01

1501
01

1502
01

1503
10

1504
11

1505
01

1506
10

1507
01

1508
10

1509
10

1510
01

1511
10

1512
10

1513
01

1514
01

1515
01

1516
10

1517
10

1518
01

1519
01

1520
01

1521
10

1522
01

1523
10

1524
01

1525
01

1526
01

1527
01

1528
10

1529
01

1530
10

1531
01

1532
01

1533
01

1534
01

1535
01

1536
01

1537
01

1538
01

1539
01

1540
10

1541
10

1542
10

1543
01

1544
10

1545
01

1546
10

1547
11

1548
01

1549
01

1550
01

1551
10

1552
01

1553
01

1554
01

1555
01

1556
01

1557
10

1558
01

1559
11

1560
10

1561
10

1562
10

1563
01

1564
11

1565
01

1566
10

1567
01

1568
01

1569
01

1570
01

1571
01

1572
10

1573
10

1574
01

1575
10

1576
10

1577
01

1578
10

1579
10

1580
01

1581
01

1582
01

1583
10

1584
01

1585
01

1586
01

1587
01

1588
01

1589
10

1590
01

1591
10

1592
10

1593
01

1594
10

1595
01

1596
01

1597
01

1598
10

1599
10

1600
01

1601
01

1602
01

1603
01

1604
01

1605
01

1606
10

1607
10

1608
01

1609
01

1610
01

1611
10

1612
01

1613
01

1614
10

1615
10

1616
10

1617
01

1618
10

1619
11

1620
01

1621
10

1622
01

1623
10

1624
01

1625
10

1626
10

1627
10

1628
01

1629
01

1630
01

1631
01

1632
11

1633
10

1634
01

1635
10

1636
01

1637
01

1638
10

1639
10

1640
10

1641
10

1642
01

1643
01

1644
01

1645
01

1646
10

1647
10

1648
10

1649
11

1650
01

1651
01

1652
11

1653
10

1654
10

1655
01

1656
01

1657
01

1658
01

1659
01

1660
10

1661
10

1662
01

1663
10

1664
01

1665
10

1666
10

1667
01

1668
10

1669
10

1670
01

1671
01

1672
01

1673
10

1674
01

1675
10

1676
10

1677
10

1678
01

1679
01

1680
10

1681
01

1682
01

1683
10

1684
10

1685
11

1686
10

1687
10

1688
10

1689
10

1690
10

1691
01

1692
01

1693
10

1694
10

1695
10

1696
10

1697
10

1698
10

1699
10

1700
10

1701
10

1702
11

1703
10

1704
10

1705
01

1706
01

1707
01

1708
10

1709
10

1710
01

1711
11

1712
01

1713
01

1714
10

1715
01

1716
01

1717
10

1718
10

1719
01

1720
10

1721
10

1722
01

1723
10

1724
10

1725
01

1726
01

1727
10

1728
10

1729
01

1730
01

1731
01

1732
10

1733
10

1734
10

1735
10

1736
01

1737
10

1738
10

1739
10

1740
10

1741
10

1742
01

1743
01

1744
01

1745
10

1746
01

1747
10

1748
01

1749
10

1750
10

1751
10

1752
01

1753
01

1754
01

1755
01

1756
01

1757
10

1758
10

1759
01

1760
10

1761
01

1762
10

1763
01

1764
01

1765
01

1766
01

1767
01

1768
01

1769
10

1770
10

1771
10

1772
01

1773
01

1774
01

1775
10

1776
10

1777
10

1778
10

1779
01

1780
01

1781
10

1782
01

1783
10

1784
01

1785
01

1786
01

1787
01

1788
01

1789
10

1790
01

1791
01

1792
01

1793
01

1794
10

1795
10

1796
11

1797
10

1798
10

1799
01

1800
01

1801
01

1802
10

1803
10

1804
01

1805
10

1806
10

1807
11

1808
01

1809
10

1810
10

1811
10

1812
01

1813
10

1814
01

1815
10

1816
01

1817
01

1818
10

1819
01

1820
10

1821
10

1822
01

1823
11

1824
10

1825
10

1826
10

1827
01

1828
01

1829
01

1830
10

1831
10

1832
01

1833
10

1834
10

1835
01

1836
01

1837
01

1838
01

1839
10

1840
01

1841
01

1842
10

1843
01

1844
10

1845
01

1846
10

1847
01

1848
01

1849
10

1850
10

1851
01

1852
10

1853
10

1854
01

1855
10

1856
10

1857
01

1858
01

1859
01

1860
01

1861
01

1862
01

1863
01

1864
10

1865
01

1866
10

1867
10

1868
10

1869
10

1870
01

1871
10

1872
01

1873
01

1874
10

1875
10

1876
01

1877
10

1878
01

1879
10

1880
01

1881
10

1882
10

1883
01

1884
01

1885
01

1886
01

1887
01

1888
10

1889
11

1890
10

1891
01

1892
01

1893
01

1894
01

1895
10

1896
10

1897
01

1898
10

1899
10

1900
10

1901
10

1902
01

1903
10

1904
10

1905
01

1906
10

1907
01

1908
11

1909
10

1910
10

1911
10

1912
01

1913
01

1914
10

1915
10

1916
11

1917
01

1918
10

1919
11

1920
10

1921
10

1922
01

1923
01

1924
10

1925
10

1926
01

1927
01

1928
01

1929
01

1930
10

1931
01

1932
01

1933
10

1934
01

1935
10

1936
10

1937
01

1938
01

1939
10

1940
01

1941
10

1942
10

1943
10

1944
10

1945
01

1946
10

1947
01

1948
01

1949
01

1950
10

1951
01

1952
10

1953
10

1954
10

1955
10

1956
01

1957
11

1958
10

1959
10

1960
10

1961
11

1962
01

1963
10

1964
10

1965
11

1966
01

1967
01

1968
10

1969
01

1970
01

1971
01

1972
01

1973
01

1974
10

1975
01

1976
10

1977
01

1978
10

1979
01

1980
10

1981
01

1982
11

1983
01

1984
10

1985
01

1986
01

1987
10

1988
10

1989
01

1990
10

1991
10

1992
10

1993
01

1994
01

1995
01

1996
10

1997
01

1998
01

1999
10

2000
11

2001
10

2002
01

2003
01

2004
10

2005
01

2006
01

2007
01

2008
01

2009
10

2010
10

2011
11

2012
10

2013
10

2014
10

2015
10

2016
01

2017
01

2018
10

2019
10

2020
01

2021
10

2022
01

2023
01

2024
10

2025
10

2026
01

2027
10

2028
10

2029
10

2030
10

2031
01

2032
10

2033
10

2034
10

2035
01

2036
10

2037
10

2038
10

2039
01

2040
01

2041
01

2042
01

2043
01

2044
10

2045
10

2046
10

2047
10

2048
01

2049
10

2050
10

2051
10

2052
10

2053
01

2054
10

2055
01

2056
10

2057
10

2058
01

2059
01

2060
10

2061
01

2062
01

2063
01

2064
10

2065
01

2066
01

2067
01

2068
01

2069
01

2070
01

2071
01

2072
10

2073
10

2074
10

2075
10

2076
01

2077
10

2078
01

2079
10

2080
01

2081
10

2082
01

2083
01

2084
01

2085
10

2086
01

2087
01

2088
10

2089
01

2090
01

2091
10

2092
01

2093
10

2094
10

2095
01

2096
10

2097
10

2098
10

2099
01

2100
10

2101
10

2102
10

2103
01

2104
10

2105
01

2106
10

2107
10

2108
11

2109
10

2110
11

2111
01

2112
10

2113
10

2114
01

2115
01

2116
10

2117
01

2118
01

2119
10

2120
11

2121
01

2122
01

2123
10

2124
01

2125
01

2126
10

2127
10

2128
01

2129
01

2130
10

2131
01

2132
01

2133
10

2134
01

2135
01

2136
01

2137
10

2138
01

2139
10

2140
01

2141
10

2142
10

2143
10

2144
01

2145
10

2146
10

2147
01

2148
01

2149
10

2150
10

2151
01

2152
10

2153
10

2154
11

2155
01

2156
10

2157
10

2158
01

2159
10

2160
10

2161
10

2162
10

2163
10

2164
01

2165
10

2166
10

2167
01

2168
01

2169
01

2170
10

2171
01

2172
10

2173
10

2174
01

2175
01

2176
10

2177
10

2178
01

2179
01

2180
10

2181
10

2182
01

2183
10

2184
11

2185
01

2186
01

2187
01

2188
10

2189
01

2190
01

2191
01

2192
01

2193
10

2194
11

2195
01

2196
10

2197
10

2198
10

2199
01

2200
10

2201
10

2202
10

2203
10

2204
10

2205
01

2206
11

2207
01

2208
01

2209
10

2210
01

2211
10

2212
01

2213
01

2214
10

2215
10

2216
01

2217
01

2218
01

2219
10

2220
10

2221
10

2222
01

2223
01

2224
01

2225
10

2226
01

2227
01

2228
10

2229
01

2230
01

2231
01

2232
11

2233
10

2234
10

2235
10

2236
10

2237
10

2238
11

2239
01

2240
10

2241
10

2242
01

2243
10

2244
01

2245
01

2246
10

2247
01

2248
11

2249
01

2250
10

2251
01

2252
10

2253
10

2254
10

2255
10

2256
01

2257
01

2258
01

2259
10

2260
10

2261
01

2262
10

2263
10

2264
10

2265
10

2266
10

2267
10

2268
10

2269
10

2270
01

2271
10

2272
10

2273
10

2274
10

2275
10

2276
01

2277
10

2278
10

2279
01

2280
10

2281
10

2282
10

2283
01

2284
10

2285
01

2286
10

2287
10

2288
10

2289
01

2290
01

2291
01

2292
10

2293
01

2294
01

2295
01

2296
01

2297
10

2298
10

2299
01

2300
01

2301
10

2302
10

2303
01

2304
01

2305
10

2306
01

2307
10

2308
10

2309
10

2310
01

2311
10

2312
01

2313
01

2314
10

2315
10

2316
01

2317
01

2318
01

2319
10

2320
10

2321
10

2322
10

2323
01

2324
10

2325
01

2326
01

2327
10

2328
10

2329
01

2330
11

2331
10

2332
10

2333
10

2334
10

2335
01

2336
10

2337
01

2338
01

2339
10

2340
01

2341
11

2342
11

2343
01

2344
01

2345
01

2346
11

2347
10

2348
01

2349
01

2350
10

2351
01

2352
10

2353
01

2354
01

2355
01

2356
01

2357
10

2358
01

2359
01

2360
01

2361
01

2362
10

2363
10

2364
01

2365
10

2366
01

2367
10

2368
01

2369
01

2370
10

2371
10

2372
01

2373
01

2374
10

2375
01

2376
10

2377
10

2378
10

2379
11

2380
10

2381
10

2382
10

2383
01

2384
01

2385
01

2386
01

2387
01

2388
10

2389
01

2390
10

2391
01

2392
10

2393
01

2394
10

2395
01

2396
01

2397
10

2398
01

2399
01

2400
10

2401
01

2402
10

2403
10

2404
01

2405
10

2406
01

2407
10

2408
10

2409
10

2410
10

2411
10

2412
10

2413
10

2414
01

2415
10

2416
01

2417
01

2418
01

2419
01

2420
01

2421
10

2422
10

2423
01

2424
10

2425
10

2426
01

2427
01

2428
10

2429
10

2430
10

2431
01

2432
10

2433
01

2434
01

2435
10

2436
11

2437
10

2438
01

2439
01

2440
10

2441
01

2442
10

2443
01

2444
01

2445
01

2446
01

2447
11

2448
11

2449
10

2450
10

2451
01

2452
01

2453
10

2454
10

2455
01

2456
01

2457
10

2458
10

2459
10

2460
01

2461
10

2462
01

2463
01

2464
10

2465
10

2466
01

2467
10

2468
10

2469
01

2470
01

2471
01

2472
01

2473
01

2474
01

2475
11

2476
01

2477
10

2478
10

2479
01

2480
01

2481
10

2482
10

2483
11

2484
10

2485
01

2486
01

2487
01

2488
01

2489
01

2490
01

2491
01

2492
10

2493
01

2494
01

2495
01

2496
01

2497
10

2498
01

2499
10

2500
10

2501
01

2502
11

2503
10

2504
10

2505
01

2506
01

2507
11

2508
10

2509
01

2510
10

2511
01

2512
10

2513
01

2514
10

2515
10

2516
10

2517
10

2518
10

2519
10

2520
10

2521
01

2522
10

2523
10

2524
01

2525
01

2526
10

2527
01

2528
10

2529
10

2530
01

2531
10

2532
01

2533
01

2534
11

2535
10

2536
01

2537
01

2538
10

2539
10

2540
10

2541
01

2542
01

2543
10

2544
10

2545
01

2546
10

2547
01

2548
10

2549
10

2550
01

2551
01

2552
01

2553
10

2554
10

2555
10

2556
10

2557
11

2558
01

2559
10

2560
10

2561
11

2562
01

2563
01

2564
10

2565
01

2566
01

2567
10

2568
01

2569
11

2570
10

2571
10

2572
10

2573
01

2574
01

2575
10

2576
01

2577
10

2578
01

2579
01

2580
01

2581
10

2582
01

2583
10

2584
10

2585
01

2586
10

2587
10

2588
10

2589
10

2590
01

2591
01

2592
10

2593
10

2594
10

2595
01

2596
01

2597
01

2598
10

2599
01

2600
10

2601
10

2602
01

2603
01

2604
10

2605
11

2606
10

2607
10

2608
01

2609
10

2610
01

2611
10

2612
01

2613
10

2614
10

2615
01

2616
01

2617
10

2618
01

2619
10

2620
01

2621
10

2622
10

2623
01

2624
10

2625
10

2626
10

2627
01

2628
10

2629
01

2630
01

2631
10

2632
01

2633
10

2634
01

2635
01

2636
10

2637
01

2638
01

2639
01

2640
01

2641
10

2642
10

2643
11

2644
01

2645
01

2646
10

2647
10

2648
10

2649
10

2650
10

2651
01

2652
10

2653
10

2654
01

2655
10

2656
10

2657
01

2658
10

2659
01

2660
01

2661
10

2662
01

2663
10

2664
01

2665
01

2666
10

2667
01

2668
10

2669
10

2670
10

2671
01

2672
10

2673
10

2674
10

2675
01

2676
10

2677
01

2678
01

2679
01

2680
01

2681
01

2682
10

2683
01

2684
01

2685
10

2686
10

2687
01

2688
01

2689
10

2690
10

2691
01

2692
01

2693
01

2694
01

2695
10

2696
10

2697
01

2698
01

2699
01

2700
01

2701
10

2702
11

2703
10

2704
10

2705
01

2706
01

2707
01

2708
10

2709
10

2710
10

2711
10

2712
10

2713
10

2714
10

2715
10

2716
01

2717
01

2718
01

2719
01

2720
10

2721
10

2722
01

2723
11

2724
11

2725
10

2726
10

2727
10

2728
01

2729
01

2730
01

2731
01

2732
10

2733
01

2734
01

2735
01

2736
01

2737
10

2738
01

2739
10

2740
01

2741
01

2742
01

2743
01

2744
10

2745
01

2746
10

2747
10

2748
01

2749
01

2750
01

2751
11

2752
01

2753
10

2754
10

2755
10

2756
01

2757
01

2758
01

2759
11

2760
11

2761
10

2762
01

2763
01

2764
10

2765
01

2766
01

2767
10

2768
01

2769
10

2770
10

2771
10

2772
10

2773
11

2774
11

2775
10

2776
10

2777
10

2778
10

2779
10

2780
10

2781
01

2782
01

2783
10

2784
11

2785
10

2786
10

2787
01

2788
01

2789
10

2790
01

2791
01

2792
11

2793
10

2794
01

2795
10

2796
10

2797
01

2798
10

2799
01

2800
01

2801
01

2802
01

2803
10

2804
01

2805
10

2806
10

2807
01

2808
01

2809
01

2810
10

2811
01

2812
10

2813
01

2814
10

2815
01

2816
10

2817
01

2818
10

2819
01

2820
01

2821
01

2822
01

2823
11

2824
01

2825
01

2826
10

2827
10

2828
01

2829
10

2830
10

2831
01

2832
01

2833
01

2834
10

2835
01

2836
10

2837
01

2838
01

2839
01

2840
01

2841
10

2842
10

2843
01

2844
10

2845
01

2846
10

2847
10

2848
01

2849
01

2850
10

2851
10

2852
01

2853
10

2854
01

2855
10

2856
10

2857
10

2858
10

2859
10

2860
01

2861
10

2862
01

2863
10

2864
10

2865
10

2866
10

2867
01

2868
10

2869
10

2870
01

2871
10

2872
10

2873
10

2874
10

2875
10

2876
10

2877
01

2878
01

2879
01

2880
01

2881
01

2882
01

2883
10

2884
01

2885
01

2886
10

2887
01

2888
10

2889
10

2890
10

2891
01

2892
01

2893
01

2894
10

2895
10

2896
01

2897
10

2898
10

2899
10

2900
01

2901
01

2902
01

2903
01

2904
10

2905
01

2906
01

2907
01

2908
01

2909
10

2910
01

2911
01

2912
01

2913
10

2914
10

2915
01

2916
01

2917
01

2918
10

2919
10

2920
01

2921
10

2922
01

2923
01

2924
10

2925
01

2926
10

2927
01

2928
01

2929
01

2930
10

2931
01

2932
01

2933
01

2934
10

2935
10

2936
10

2937
01

2938
10

2939
10

2940
01

2941
10

2942
01

2943
01

2944
10

2945
10

2946
10

2947
10

2948
10

2949
10

2950
01

2951
01

2952
10

2953
10

2954
01

2955
10

2956
10

2957
10

2958
10

2959
10

2960
01

2961
10

2962
01

2963
10

2964
10

2965
11

2966
01

2967
10

2968
01

2969
01

2970
10

2971
10

2972
10

2973
10

2974
10

2975
01

2976
10

2977
10

2978
01

2979
10

2980
01

2981
01

2982
10

2983
10

2984
10

2985
01

2986
01

2987
01

2988
10

2989
10

2990
01

2991
10

2992
01

2993
01

2994
10

2995
10

2996
01

2997
10

2998
10

2999
10

3000
01

3001
01

3002
01

3003
10

3004
10

3005
01

3006
10

3007
01

3008
01

3009
01

3010
10

3011
10

3012
01

3013
10

3014
01

3015
11

3016
01

3017
01

3018
10

3019
10

3020
01

3021
01

3022
01

3023
01

3024
01

3025
10

3026
01

3027
10

3028
01

3029
10

3030
10

3031
10

3032
10

3033
10

3034
01

3035
01

3036
10

3037
10

3038
01

3039
01

3040
01

3041
01

3042
10

3043
11

3044
01

3045
01

3046
10

3047
01

3048
10

3049
01

3050
10

3051
10

3052
10

3053
10

3054
01

3055
01

3056
01

3057
01

3058
10

3059
10

3060
10

3061
01

3062
01

3063
01

3064
10

3065
10

3066
10

3067
10

3068
10

3069
01

3070
11

3071
10

3072
01

3073
01

3074
01

3075
01

3076
10

3077
01

3078
01

3079
01

3080
10

3081
01

3082
10

3083
10

3084
01

3085
10

3086
01

3087
01

3088
10

3089
01

3090
10

3091
01

3092
01

3093
01

3094
10

3095
01

3096
01

3097
10

3098
10

3099
10

3100
10

3101
10

3102
10

3103
10

3104
01

3105
01

3106
01

3107
10

3108
10

3109
01

3110
10

3111
10

3112
10

3113
01

3114
10

3115
01

3116
10

3117
01

3118
01

3119
01

3120
01

3121
10

3122
10

3123
10

3124
10

3125
01

3126
01

3127
10

3128
01

3129
01

3130
01

3131
10

3132
01

3133
01

3134
01

3135
10

3136
10

3137
01

3138
01

3139
01

3140
01

3141
01

3142
10

3143
01

3144
01

3145
10

3146
10

3147
10

3148
01

3149
10

3150
10

3151
11

3152
01

3153
01

3154
01

3155
01

3156
01

3157
01

3158
01

3159
10

3160
10

3161
01

3162
11

3163
01

3164
10

3165
01

3166
01

3167
10

3168
01

3169
10

3170
10

3171
10

3172
01

3173
01

3174
10

3175
10

3176
10

3177
10

3178
10

3179
01

3180
10

3181
11

3182
01

3183
01

3184
10

3185
10

3186
01

3187
10

3188
01

3189
10

3190
01

3191
10

3192
10

3193
10

3194
10

3195
01

3196
10

3197
10

3198
10

3199
10

3200
01

3201
01

3202
01

3203
10

3204
01

3205
01

3206
01

3207
01

3208
10

3209
01

3210
10

3211
01

3212
01

3213
10

3214
01

3215
01

3216
01

3217
10

3218
01

3219
10

3220
01

3221
10

3222
01

3223
01

3224
10

3225
10

3226
01

3227
10

3228
11

3229
01

3230
10

3231
10

3232
11

3233
01

3234
10

3235
10

3236
10

3237
01

3238
10

3239
10

3240
10

3241
10

3242
01

3243
01

3244
10

3245
10

3246
01

3247
10

3248
10

3249
10

3250
10

3251
10

3252
10

3253
10

3254
01

3255
01

3256
11

3257
10

3258
10

3259
01

3260
01

3261
10

3262
10

3263
01

3264
10

3265
10

3266
10

3267
10

3268
10

3269
10

3270
01

3271
01

3272
10

3273
01

3274
01

3275
01

3276
01

3277
10

3278
01

3279
01

3280
10

3281
01

3282
10

3283
10

3284
01

3285
01

3286
01

3287
01

3288
01

3289
10

3290
10

3291
10

3292
10

3293
01

3294
10

3295
10

3296
01

3297
10

3298
10

3299
10

3300
01

3301
01

3302
10

3303
01

3304
01

3305
10

3306
01

3307
01

3308
01

3309
11

3310
10

3311
01

3312
01

3313
10

3314
01

3315
01

3316
10

3317
10

3318
10

3319
10

3320
01

3321
01

3322
10

3323
10

3324
10

3325
10

3326
10

3327
10

3328
01

3329
10

3330
10

3331
10

3332
10

3333
01

3334
11

3335
10

3336
10

3337
10

3338
10

3339
01

3340
01

3341
01

3342
01

3343
10

3344
01

3345
10

3346
01

3347
10

3348
01

3349
10

3350
01

3351
11

3352
01

3353
01

3354
01

3355
10

3356
10

3357
10

3358
01

3359
10

3360
01

3361
01

3362
10

3363
10

3364
10

3365
01

3366
01

3367
10

3368
01

3369
01

3370
10

3371
01

3372
01

3373
10

3374
10

3375
10

3376
10

3377
10

3378
10

3379
10

3380
01

3381
10

3382
01

3383
11

3384
10

3385
10

3386
10

3387
01

3388
10

3389
01

3390
01

3391
01

3392
01

3393
10

3394
10

3395
01

3396
01

3397
10

3398
10

3399
10

3400
10

3401
01

3402
10

3403
11

3404
01

3405
01

3406
01

3407
01

3408
10

3409
10

3410
01

3411
10

3412
10

3413
10

3414
01

3415
01

3416
10

3417
10

3418
01

3419
10

3420
01

3421
10

3422
10

3423
01

3424
01

3425
10

3426
10

3427
10

3428
01

3429
01

3430
10

3431
01

3432
01

3433
10

3434
10

3435
01

3436
10

3437
01

3438
01

3439
11

3440
01

3441
01

3442
01

3443
01

3444
01

3445
01

3446
10

3447
01

3448
10

3449
01

3450
01

3451
10

3452
01

3453
01

3454
01

3455
10

3456
10

3457
10

3458
10

3459
01

3460
01

3461
01

3462
10

3463
10

3464
01

3465
01

3466
01

3467
01

3468
01

3469
01

3470
01

3471
10

3472
10

3473
01

3474
11

3475
01

3476
10

3477
01

3478
10

3479
01

3480
10

3481
10

3482
11

3483
10

3484
01

3485
10

3486
10

3487
01

3488
10

3489
10

3490
10

3491
01

3492
10

3493
01

3494
10

3495
10

3496
01

3497
10

3498
01

3499
10

3500
10

3501
10

3502
10

3503
10

3504
01

3505
10

3506
10

3507
01

3508
10

3509
10

3510
10

3511
01

3512
10

3513
10

3514
01

3515
10

3516
10

3517
10

3518
01

3519
01

3520
01

3521
10

3522
01

3523
01

3524
10

3525
01

3526
10

3527
01

3528
01

3529
10

3530
01

3531
01

3532
10

3533
01

3534
10

3535
01

3536
01

3537
11

3538
11

3539
10

3540
11

3541
10

3542
10

3543
01

3544
10

3545
10

3546
01

3547
10

3548
10

3549
10

3550
10

3551
10

3552
10

3553
10

3554
10

3555
01

3556
10

3557
10

3558
01

3559
01

3560
01

3561
01

3562
10

3563
01

3564
10

3565
01

3566
10

3567
01

3568
10

3569
10

3570
01

3571
10

3572
01

3573
01

3574
10

3575
10

3576
01

3577
01

3578
01

3579
10

3580
10

3581
01

3582
01

3583
01

3584
01

3585
01

3586
10

3587
01

3588
01

3589
10

3590
01

3591
10

3592
01

3593
01

3594
01

3595
01

3596
10

3597
01

3598
01

3599
10

3600
10

3601
10

3602
01

3603
01

3604
10

3605
10

3606
01

3607
01

3608
10

3609
01

3610
10

3611
10

3612
01

3613
10

3614
10

3615
10

3616
10

3617
01

3618
10

3619
10

3620
11

3621
10

3622
01

3623
01

3624
01

3625
10

3626
10

3627
10

3628
10

3629
10

3630
10

3631
01

3632
10

3633
01

3634
01

3635
01

3636
01

3637
01

3638
01

3639
01

3640
01

3641
01

3642
01

3643
01

3644
10

3645
01

3646
01

3647
01

3648
01

3649
01

3650
01

3651
01

3652
10

3653
10

3654
01

3655
10

3656
10

3657
01

3658
10

3659
01

3660
01

3661
01

3662
01

3663
10

3664
01

3665
01

3666
01

3667
10

3668
01

3669
01

3670
10

3671
10

3672
10

3673
01

3674
01

3675
11

3676
01

3677
10

3678
01

3679
10

3680
10

3681
01

3682
01

3683
01

3684
01

3685
01

3686
01

3687
01

3688
10

3689
10

3690
01

3691
10

3692
01

3693
11

3694
10

3695
01

3696
01

3697
01

3698
10

3699
01

3700
11

3701
10

3702
01

3703
10

3704
01

3705
01

3706
01

3707
01

3708
10

3709
10

3710
01

3711
01

3712
01

3713
10

3714
10

3715
10

3716
01

3717
01

3718
01

3719
10

3720
01

3721
01

3722
10

3723
01

3724
01

3725
10

3726
01

3727
10

3728
01

3729
10

3730
10

3731
10

3732
10

3733
11

3734
10

3735
10

3736
10

3737
01

3738
01

3739
10

3740
01

3741
10

3742
10

3743
10

3744
10

3745
01

3746
10

3747
10

3748
01

3749
01

3750
10

3751
10

3752
10

3753
10

3754
10

3755
01

3756
01

3757
10

3758
01

3759
01

3760
10

3761
10

3762
10

3763
10

3764
01

3765
01

3766
10

3767
01

3768
01

3769
01

3770
10

3771
10

3772
10

3773
01

3774
10

3775
10

3776
10

3777
10

3778
10

3779
01

3780
01

3781
01

3782
01

3783
01

3784
01

3785
01

3786
10

3787
01

3788
10

3789
01

3790
10

3791
10

3792
10

3793
01

3794
10

3795
01

3796
10

3797
01

3798
10

3799
01

3800
01

3801
01

3802
10

3803
10

3804
01

3805
01

3806
10

3807
01

3808
01

3809
01

3810
10

3811
10

3812
10

3813
01

3814
10

3815
10

3816
10

3817
01

3818
01

3819
01

3820
10

3821
11

3822
10

3823
10

3824
01

3825
01

3826
01

3827
10

3828
10

3829
10

3830
10

3831
11

3832
10

3833
10

3834
01

3835
10

3836
10

3837
10

3838
10

3839
01

3840
10

3841
01

3842
01

3843
10

3844
01

3845
10

3846
10

3847
10

3848
11

3849
10

3850
10

3851
01

3852
10

3853
01

3854
10

3855
11

3856
10

3857
01

3858
10

3859
10

3860
01

3861
10

3862
10

3863
10

3864
01

3865
10

3866
11

3867
01

3868
10

3869
01

3870
10

3871
01

3872
01

3873
01

3874
10

3875
01

3876
01

3877
10

3878
10

3879
10

3880
10

3881
10

3882
10

3883
10

3884
10

3885
10

3886
10

3887
01

3888
01

3889
01

3890
10

3891
01

3892
10

3893
10

3894
01

3895
10

3896
10

3897
10

3898
01

3899
01

3900
01

3901
10

3902
10

3903
01

3904
01

3905
01

3906
11

3907
01

3908
10

3909
01

3910
10

3911
10

3912
01

3913
10

3914
01

3915
10

3916
01

3917
11

3918
01

3919
01

3920
01

3921
10

3922
01

3923
10

3924
11

3925
01

3926
10

3927
01

3928
01

3929
10

3930
01

3931
01

3932
10

3933
01

3934
10

3935
10

3936
10

3937
10

3938
01

3939
10

3940
01

3941
10

3942
01

3943
10

3944
10

3945
01

3946
10

3947
01

3948
01

3949
01

3950
01

3951
10

3952
10

3953
01

3954
01

3955
10

3956
10

3957
01

3958
11

3959
01

3960
10

3961
01

3962
10

3963
01

3964
01

3965
01

3966
01

3967
10

3968
01

3969
01

3970
10

3971
10

3972
11

3973
01

3974
01

3975
01

3976
10

3977
10

3978
01

3979
01

3980
10

3981
01

3982
11

3983
10

3984
10

3985
10

3986
01

3987
01

3988
10

3989
10

3990
10

3991
10

3992
10

3993
01

3994
10

3995
10

3996
10

3997
01

3998
10

3999
01

4000
10

4001
10

4002
10

4003
10

4004
11

4005
10

4006
01

4007
01

4008
01

4009
10

4010
10

4011
01

4012
10

4013
10

4014
01

4015
10

4016
10

4017
01

4018
10

4019
01

4020
01

4021
01

4022
10

4023
10

4024
10

4025
10

4026
01

4027
01

4028
01

4029
10

4030
01

4031
01

4032
10

4033
11

4034
11

4035
10

4036
10

4037
10

4038
10

4039
01

4040
10

4041
10

4042
01

4043
10

4044
10

4045
10

4046
01

4047
10

4048
01

4049
01

4050
01

4051
10

4052
01

4053
10

4054
10

4055
01

4056
10

4057
10

4058
10

4059
10

4060
01

4061
10

4062
10

4063
10

4064
01

4065
10

4066
10

4067
01

4068
01

4069
10

4070
01

4071
01

4072
10

4073
01

4074
10

4075
01

4076
10

4077
01

4078
01

4079
10

4080
01

4081
10

4082
01

4083
01

4084
11

4085
11

4086
10

4087
01

4088
10

4089
01

4090
10

4091
01

4092
10

4093
01

4094
01

4095
10

4096
10

4097
01

4098
01

4099
10

4100
10

4101
10

4102
01

4103
10

4104
10

4105
01

4106
01

4107
10

4108
01

4109
11

4110
10

4111
01

4112
01

4113
10

4114
01

4115
01

4116
10

4117
01

4118
01

4119
01

4120
01

4121
01

4122
10

4123
01

4124
10

4125
01

4126
01

4127
10

4128
10

4129
01

4130
01

4131
10

4132
01

4133
11

4134
10

4135
01

4136
10

4137
01

4138
01

4139
10

4140
01

4141
01

4142
01

4143
10

4144
10

4145
10

4146
01

4147
10

4148
01

4149
10

4150
01

4151
01

4152
01

4153
01

4154
01

4155
10

4156
01

4157
01

4158
10

4159
01

4160
01

4161
01

4162
01

4163
10

4164
01

4165
10

4166
01

4167
10

4168
01

4169
10

4170
01

4171
10

4172
10

4173
01

4174
01

4175
01

4176
10

4177
10

4178
01

4179
10

4180
01

4181
10

4182
01

4183
10

4184
01

4185
10

4186
01

4187
10

4188
01

4189
10

4190
01

4191
01

4192
10

4193
01

4194
01

4195
10

4196
10

4197
01

4198
01

4199
10

4200
10

4201
10

4202
10

4203
01

4204
01

4205
10

4206
10

4207
10

4208
01

4209
01

4210
10

4211
01

4212
10

4213
01

4214
11

4215
11

4216
01

4217
10

4218
01

4219
01

4220
01

4221
01

4222
10

4223
01

4224
01

4225
11

4226
10

4227
01

4228
11

4229
10

4230
10

4231
10

4232
10

4233
10

4234
10

4235
10

4236
10

4237
10

4238
10

4239
01

4240
10

4241
01

4242
10

4243
01

4244
10

4245
01

4246
10

4247
10

4248
01

4249
10

4250
01

4251
10

4252
01

4253
10

4254
10

4255
10

4256
01

4257
01

4258
01

4259
01

4260
01

4261
10

4262
10

4263
01

4264
10

4265
10

4266
10

4267
10

4268
01

4269
01

4270
10

4271
10

4272
01

4273
01

4274
01

4275
10

4276
01

4277
10

4278
01

4279
01

4280
10

4281
01

4282
10

4283
01

4284
01

4285
10

4286
01

4287
10

4288
10

4289
10

4290
01

4291
10

4292
10

4293
10

4294
01

4295
01

4296
01

4297
10

4298
01

4299
10

4300
10

4301
01

4302
01

4303
10

4304
10

4305
01

4306
01

4307
11

4308
10

4309
01

4310
01

4311
01

4312
01

4313
10

4314
01

4315
10

4316
01

4317
01

4318
10

4319
10

4320
01

4321
10

4322
01

4323
01

4324
10

4325
10

4326
01

4327
10

4328
10

4329
10

4330
10

4331
10

4332
10

4333
10

4334
10

4335
01

4336
10

4337
10

4338
01

4339
10

4340
10

4341
01

4342
10

4343
01

4344
01

4345
01

4346
10

4347
01

4348
01

4349
10

4350
01

4351
10

4352
01

4353
01

4354
01

4355
01

4356
10

4357
01

4358
01

4359
01

4360
01

4361
10

4362
01

4363
01

4364
01

4365
10

4366
01

4367
01

4368
10

4369
10

4370
01

4371
10

4372
10

4373
10

4374
01

4375
01

4376
10

4377
01

4378
01

4379
10

4380
01

4381
01

4382
10

4383
10

4384
10

4385
01

4386
01

4387
01

4388
10

4389
01

4390
10

4391
01

4392
01

4393
10

4394
01

4395
01

4396
10

4397
10

4398
10

4399
01

4400
01

4401
01

4402
01

4403
01

4404
01

4405
01

4406
01

4407
01

4408
01

4409
10

4410
10

4411
10

4412
10

4413
01

4414
11

4415
10

4416
11

4417
01

4418
10

4419
01

4420
01

4421
10

4422
10

4423
10

4424
10

4425
01

4426
10

4427
10

4428
10

4429
11

4430
10

4431
01

4432
01

4433
01

4434
10

4435
10

4436
01

4437
10

4438
01

4439
01

4440
01

4441
01

4442
01

4443
01

4444
10

4445
10

4446
11

4447
01

4448
01

4449
10

4450
10

4451
01

4452
10

4453
01

4454
10

4455
10

4456
10

4457
10

4458
01

4459
01

4460
01

4461
01

4462
10

4463
01

4464
01

4465
01

4466
01

4467
10

4468
10

4469
10

4470
01

4471
01

4472
01

4473
01

4474
01

4475
10

4476
10

4477
01

4478
01

4479
01

4480
01

4481
10

4482
10

4483
01

4484
10

4485
10

4486
10

4487
10

4488
11

4489
10

4490
10

4491
01

4492
01

4493
01

4494
01

4495
01

4496
01

4497
01

4498
01

4499
01

4500
01

4501
10

4502
01

4503
01

4504
10

4505
01

4506
10

4507
01

4508
01

4509
01

4510
01

4511
10

4512
01

4513
01

4514
10

4515
10

4516
10

4517
01

4518
01

4519
01

4520
10

4521
10

4522
01

4523
10

4524
01

4525
01

4526
10

4527
10

4528
10

4529
10

4530
10

4531
10

4532
10

4533
01

4534
10

4535
11

4536
01

4537
10

4538
10

4539
01

4540
01

4541
10

4542
10

4543
01

4544
11

4545
10

4546
01

4547
01

4548
10

4549
01

4550
01

4551
01

4552
10

4553
01

4554
10

4555
01

4556
01

4557
01

4558
10

4559
01

4560
01

4561
10

4562
11

4563
01

4564
10

4565
10

4566
01

4567
01

4568
10

4569
01

4570
10

4571
10

4572
01

4573
01

4574
10

4575
01

4576
10

4577
01

4578
01

4579
10

4580
10

4581
10

4582
01

4583
01

4584
10

4585
10

4586
01

4587
01

4588
01

4589
01

4590
10

4591
01

4592
01

4593
01

4594
10

4595
10

4596
10

4597
01

4598
01

4599
01

4600
01

4601
10

4602
10

4603
01

4604
01

4605
10

4606
10

4607
01

4608
01

4609
10

4610
10

4611
10

4612
10

4613
10

4614
01

4615
01

4616
01

4617
01

4618
01

4619
01

4620
01

4621
01

4622
01

4623
10

4624
10

4625
10

4626
10

4627
10

4628
10

4629
01

4630
10

4631
10

4632
10

4633
01

4634
10

4635
01

4636
01

4637
10

4638
01

4639
01

4640
10

4641
01

4642
10

4643
10

4644
01

4645
10

4646
01

4647
01

4648
10

4649
01

4650
10

4651
01

4652
10

4653
01

4654
01

4655
01

4656
01

4657
11

4658
10

4659
01

4660
01

4661
01

4662
10

4663
01

4664
01

4665
01

4666
01

4667
01

4668
01

4669
01

4670
01

4671
10

4672
01

4673
10

4674
01

4675
01

4676
10

4677
01

4678
10

4679
10

4680
10

4681
10

4682
01

4683
10

4684
10

4685
10

4686
01

4687
10

4688
10

4689
01

4690
10

4691
01

4692
11

4693
10

4694
10

4695
01

4696
01

4697
10

4698
10

4699
01

4700
10

4701
01

4702
01

4703
01

4704
01

4705
01

4706
01

4707
01

4708
01

4709
10

4710
10

4711
01

4712
10

4713
01

4714
01

4715
01

4716
01

4717
11

4718
11

4719
01

4720
10

4721
01

4722
01

4723
01

4724
01

4725
10

4726
10

4727
11

4728
10

4729
10

4730
10

4731
10

4732
01

4733
10

4734
01

4735
10

4736
01

4737
10

4738
10

4739
01

4740
01

4741
01

4742
01

4743
01

4744
01

4745
01

4746
01

4747
01

4748
01

4749
10

4750
10

4751
10

4752
10

4753
10

4754
01

4755
01

4756
10

4757
10

4758
01

4759
11

4760
10

4761
01

4762
01

4763
10

4764
10

4765
01

4766
01

4767
01

4768
10

4769
10

4770
10

4771
01

4772
01

4773
01

4774
01

4775
10

4776
01

4777
01

4778
10

4779
10

4780
01

4781
01

4782
10

4783
10

4784
10

4785
10

4786
10

4787
01

4788
10

4789
01

4790
10

4791
01

4792
01

4793
10

4794
01

4795
01

4796
10

4797
10

4798
01

4799
10

4800
01

4801
01

4802
10

4803
01

4804
01

4805
10

4806
10

4807
01

4808
01

4809
01

4810
10

4811
01

4812
01

4813
10

4814
10

4815
01

4816
10

4817
01

4818
01

4819
01

4820
01

4821
01

4822
10

4823
10

4824
01

4825
10

4826
01

4827
01

4828
01

4829
10

4830
10

4831
10

4832
01

4833
10

4834
10

4835
01

4836
10

4837
01

4838
10

4839
01

4840
01

4841
01

4842
10

4843
01

4844
01

4845
01

4846
10

4847
10

4848
01

4849
01

4850
01

4851
10

4852
01

4853
01

4854
01

4855
10

4856
01

4857
01

4858
01

4859
10

4860
01

4861
10

4862
10

4863
10

4864
01

4865
01

4866
10

4867
01

4868
11

4869
10

4870
01

4871
10

4872
10

4873
01

4874
01

4875
10

4876
01

4877
01

4878
10

4879
01

4880
01

4881
10

4882
01

4883
10

4884
10

4885
10

4886
11

4887
10

4888
01

4889
01

4890
01

4891
11

4892
01

4893
01

4894
01

4895
10

4896
11

4897
01

4898
10

4899
10

4900
10

4901
10

4902
01

4903
01

4904
10

4905
01

4906
01

4907
01

4908
10

4909
10

4910
01

4911
01

4912
10

4913
01

4914
01

4915
01

4916
10

4917
10

4918
10

4919
10

4920
10

4921
01

4922
10

4923
10

4924
10

4925
01

4926
01

4927
10

4928
10

4929
01

4930
01

4931
10

4932
10

4933
01

4934
10

4935
10

4936
01

4937
10

4938
01

4939
10

4940
01

4941
01

4942
01

4943
01

4944
10

4945
10

4946
01

4947
10

4948
10

4949
10

4950
01

4951
10

4952
10

4953
01

4954
01

4955
10

4956
10

4957
01

4958
10

4959
01

4960
01

4961
10

4962
01

4963
10

4964
01

4965
01

4966
10

4967
01

4968
10

4969
10

4970
10

4971
10

4972
01

4973
01

4974
10

4975
10

4976
01

4977
01

4978
10

4979
01

4980
01

4981
11

4982
01

4983
10

4984
01

4985
01

4986
01

4987
01

4988
01

4989
10

4990
01

4991
01

4992
01

4993
10

4994
10

4995
10

4996
01

4997
01

4998
01

4999
10

5000
10

5001
10

5002
10

5003
10

5004
10

5005
01

5006
01

5007
01

5008
10

5009
01

5010
01

5011
10

5012
01

5013
10

5014
01

5015
10

5016
01

5017
10

5018
10

5019
01

5020
10

5021
01

5022
01

5023
01

5024
10

5025
01

5026
10

5027
10

5028
01

5029
01

5030
01

5031
01

5032
10

5033
01

5034
10

5035
10

5036
01

5037
10

5038
01

5039
10

5040
01

5041
10

5042
01

5043
10

5044
01

5045
10

5046
01

5047
10

5048
01

5049
10

5050
10

5051
01

5052
01

5053
01

5054
01

5055
01

5056
01

5057
01

5058
11

5059
01

5060
01

5061
01

5062
10

5063
01

5064
10

5065
01

5066
01

5067
11

5068
10

5069
10

5070
10

5071
10

5072
10

5073
01

5074
11

5075
10

5076
10

5077
01

5078
01

5079
10

5080
10

5081
10

5082
10

5083
10

5084
01

5085
10

5086
10

5087
10

5088
01

5089
01

5090
10

5091
10

5092
01

5093
01

5094
01

5095
10

5096
10

5097
01

5098
10

5099
01

5100
10

5101
01

5102
01

5103
10

5104
01

5105
10

5106
01

5107
10

5108
10

5109
01

5110
10

5111
01

5112
01

5113
01

5114
01

5115
10

5116
10

5117
01

5118
10

5119
10

5120
01

5121
10

5122
01

5123
10

5124
01

5125
10

5126
10

5127
10

5128
10

5129
10

5130
10

5131
01

5132
10

5133
01

5134
01

5135
10

5136
01

5137
01

5138
01

5139
10

5140
10

5141
01

5142
10

5143
01

5144
10

5145
10

5146
10

5147
01

5148
01

5149
10

5150
10

5151
10

5152
10

5153
01

5154
01

5155
10

5156
01

5157
10

5158
01

5159
01

5160
10

5161
01

5162
01

5163
01

5164
01

5165
01

5166
10

5167
01

5168
10

5169
01

5170
01

5171
10

5172
10

5173
01

5174
01

5175
10

5176
01

5177
01

5178
10

5179
01

5180
10

5181
10

5182
01

5183
01

5184
10

5185
11

5186
01

5187
10

5188
10

5189
01

5190
01

5191
01

5192
10

5193
01

5194
01

5195
01

5196
10

5197
10

5198
01

5199
10

5200
10

5201
01

5202
10

5203
10

5204
10

5205
01

5206
01

5207
10

5208
10

5209
01

5210
10

5211
01

5212
01

5213
01

5214
01

5215
01

5216
01

5217
01

5218
11

5219
01

5220
10

5221
01

5222
01

5223
01

5224
10

5225
01

5226
01

5227
01

5228
10

5229
10

5230
01

5231
01

5232
10

5233
11

5234
10

5235
01

5236
10

5237
01

5238
10

5239
01

5240
01

5241
01

5242
10

5243
01

5244
11

5245
10

5246
10

5247
10

5248
11

5249
11

5250
10

5251
01

5252
01

5253
01

5254
01

5255
01

5256
01

5257
10

5258
01

5259
01

5260
10

5261
01

5262
10

5263
10

5264
10

5265
10

5266
10

5267
01

5268
01

5269
01

5270
01

5271
01

5272
10

5273
01

5274
10

5275
01

5276
01

5277
10

5278
01

5279
01

5280
10

5281
10

5282
10

5283
11

5284
10

5285
11

5286
01

5287
10

5288
10

5289
10

5290
10

5291
10

5292
01

5293
01

5294
01

5295
01

5296
01

5297
01

5298
01

5299
01

5300
01

5301
10

5302
01

5303
01

5304
01

5305
10

5306
01

5307
01

5308
10

5309
01

5310
10

5311
11

5312
10

5313
01

5314
01

5315
10

5316
01

5317
10

5318
01

5319
01

5320
10

5321
01

5322
01

5323
01

5324
10

5325
01

5326
10

5327
01

5328
01

5329
01

5330
10

5331
01

5332
10

5333
10

5334
01

5335
01

5336
01

5337
10

5338
10

5339
01

5340
10

5341
10

5342
10

5343
10

5344
01

5345
01

5346
10

5347
10

5348
01

5349
01

5350
10

5351
01

5352
10

5353
10

5354
01

5355
01

5356
11

5357
01

5358
10

5359
01

5360
10

5361
01

5362
10

5363
01

5364
01

5365
01

5366
10

5367
11

5368
10

5369
10

5370
10

5371
10

5372
10

5373
01

5374
01

5375
10

5376
11

5377
01

5378
10

5379
10

5380
10

5381
01

5382
10

5383
10

5384
10

5385
10

5386
01

5387
10

5388
01

5389
10

5390
01

5391
10

5392
10

5393
01

5394
01

5395
01

5396
01

5397
01

5398
10

5399
10

5400
01

5401
01

5402
01

5403
01

5404
01

5405
01

5406
10

5407
11

5408
10

5409
10

5410
10

5411
01

5412
01

5413
10

5414
01

5415
10

5416
01

5417
01

5418
10

5419
10

5420
10

5421
10

5422
10

5423
01

5424
10

5425
01

5426
10

5427
01

5428
01

5429
01

5430
10

5431
10

5432
10

5433
01

5434
10

5435
01

5436
01

5437
10

5438
10

5439
10

5440
10

5441
01

5442
10

5443
01

5444
01

5445
01

5446
01

5447
10

5448
01

5449
10

5450
01

5451
10

5452
01

5453
01

5454
01

5455
10

5456
10

5457
10

5458
01

5459
01

5460
01

5461
01

5462
01

5463
01

5464
10

5465
10

5466
01

5467
10

5468
10

5469
01

5470
10

5471
10

5472
10

5473
10

5474
10

5475
01

5476
11

5477
01

5478
01

5479
01

5480
10

5481
10

5482
01

5483
01

5484
10

5485
10

5486
10

5487
01

5488
01

5489
10

5490
10

5491
01

5492
10

5493
01

5494
01

5495
10

5496
10

5497
01

5498
01

5499
10

5500
11

5501
01

5502
01

5503
01

5504
10

5505
10

5506
10

5507
01

5508
01

5509
10

5510
10

5511
10

5512
01

5513
01

5514
10

5515
10

5516
10

5517
10

5518
01

5519
10

5520
10

5521
10

5522
01

5523
01

5524
01

5525
10

5526
01

5527
10

5528
01

5529
01

5530
01

5531
01

5532
10

5533
01

5534
01

5535
01

5536
01

5537
10

5538
01

5539
10

5540
01

5541
01

5542
01

5543
01

5544
10

5545
10

5546
01

5547
10

5548
01

5549
10

5550
01

5551
01

5552
10

5553
01

5554
01

5555
10

5556
10

5557
10

5558
01

5559
10

5560
01

5561
01

5562
01

5563
10

5564
01

5565
01

5566
10

5567
10

5568
01

5569
01

5570
10

5571
10

5572
01

5573
01

5574
10

5575
01

5576
10

5577
01

5578
10

5579
01

5580
01

5581
10

5582
01

5583
01

5584
01

5585
01

5586
10

5587
10

5588
10

5589
10

5590
01

5591
10

5592
10

5593
01

5594
01

5595
01

5596
10

5597
01

5598
10

5599
01

5600
10

5601
10

5602
10

5603
01

5604
10

5605
01

5606
01

5607
10

5608
10

5609
10

5610
01

5611
10

5612
10

5613
01

5614
01

5615
01

5616
01

5617
01

5618
11

5619
01

5620
10

5621
10

5622
10

5623
01

5624
10

5625
10

5626
11

5627
10

5628
10

5629
10

5630
01

5631
10

5632
01

5633
01

5634
01

5635
10

5636
10

5637
01

5638
01

5639
01

5640
10

5641
01

5642
10

5643
10

5644
01

5645
10

5646
01

5647
10

5648
01

5649
01

5650
10

5651
10

5652
01

5653
10

5654
01

5655
01

5656
01

5657
01

5658
01

5659
01

5660
01

5661
10

5662
01

5663
10

5664
01

5665
10

5666
01

5667
01

5668
10

5669
10

5670
01

5671
10

5672
01

5673
01

5674
10

5675
01

5676
01

5677
10

5678
01

5679
10

5680
01

5681
10

5682
01

5683
01

5684
10

5685
01

5686
01

5687
01

5688
01

5689
10

5690
01

5691
01

5692
01

5693
01

5694
01

5695
10

5696
10

5697
10

5698
01

5699
10

5700
10

5701
11

5702
01

5703
01

5704
01

5705
01

5706
01

5707
01

5708
11

5709
10

5710
10

5711
01

5712
01

5713
10

5714
10

5715
01

5716
10

5717
01

5718
01

5719
10

5720
01

5721
10

5722
10

5723
11

5724
01

5725
01

5726
01

5727
10

5728
10

5729
10

5730
10

5731
10

5732
01

5733
01

5734
10

5735
01

5736
10

5737
10

5738
10

5739
10

5740
10

5741
10

5742
10

5743
10

5744
01

5745
10

5746
01

5747
10

5748
10

5749
01

5750
01

5751
01

5752
10

5753
01

5754
10

5755
10

5756
10

5757
10

5758
01

5759
10

5760
01

5761
01

5762
01

5763
01

5764
10

5765
10

5766
10

5767
10

5768
01

5769
10

5770
01

5771
10

5772
01

5773
10

5774
01

5775
10

5776
01

5777
01

5778
10

5779
01

5780
10

5781
01

5782
01

5783
01

5784
10

5785
10

5786
10

5787
10

5788
10

5789
10

5790
10

5791
01

5792
01

5793
10

5794
10

5795
01

5796
01

5797
10

5798
01

5799
01

5800
10

5801
01

5802
01

5803
01

5804
01

5805
01

5806
01

5807
01

5808
01

5809
10

5810
10

5811
10

5812
10

5813
01

5814
01

5815
01

5816
01

5817
10

5818
10

5819
01

5820
10

5821
01

5822
01

5823
01

5824
10

5825
10

5826
10

5827
10

5828
10

5829
01

5830
10

5831
10

5832
01

5833
10

5834
01

5835
10

5836
10

5837
01

5838
01

5839
10

5840
10

5841
01

5842
11

5843
01

5844
11

5845
01

5846
01

5847
10

5848
10

5849
10

5850
01

5851
10

5852
01

5853
01

5854
01

5855
10

5856
01

5857
10

5858
11

5859
10

5860
01

5861
10

5862
10

5863
10

5864
10

5865
01

5866
01

5867
01

5868
01

5869
01

5870
10

5871
10

5872
01

5873
01

5874
10

5875
10

5876
01

5877
01

5878
10

5879
10

5880
10

5881
10

5882
10

5883
01

5884
10

5885
10

5886
01

5887
01

5888
01

5889
10

5890
10

5891
01

5892
10

5893
01

5894
01

5895
01

5896
10

5897
10

5898
10

5899
01

5900
01

5901
11

5902
10

5903
10

5904
10

5905
10

5906
01

5907
01

5908
10

5909
01

5910
10

5911
10

5912
01

5913
01

5914
11

5915
10

5916
10

5917
01

5918
11

5919
01

5920
01

5921
01

5922
01

5923
10

5924
01

5925
01

5926
10

5927
01

5928
10

5929
01

5930
01

5931
01

5932
10

5933
10

5934
10

5935
01

5936
01

5937
10

5938
01

5939
10

5940
01

5941
10

5942
10

5943
10

5944
01

5945
01

5946
01

5947
10

5948
10

5949
01

5950
01

5951
01

5952
01

5953
10

5954
11

5955
10

5956
10

5957
01

5958
01

5959
10

5960
10

5961
10

5962
01

5963
10

5964
01

5965
10

5966
10

5967
01

5968
01

5969
01

5970
10

5971
10

5972
01

5973
11

5974
01

5975
01

5976
10

5977
10

5978
10

5979
10

5980
10

5981
10

5982
10

5983
01

5984
01

5985
10

5986
01

5987
01

5988
01

5989
10

5990
01

5991
10

5992
01

5993
01

5994
01

5995
01

5996
10

5997
10

5998
01

5999
01

6000
01

6001
01

6002
01

6003
10

6004
10

6005
10

6006
10

6007
10

6008
01

6009
10

6010
01

6011
01

6012
10

6013
01

6014
01

6015
01

6016
10

6017
10

6018
10

6019
10

6020
01

6021
01

6022
10

6023
01

6024
01

6025
10

6026
10

6027
01

6028
10

6029
01

6030
10

6031
10

6032
01

6033
01

6034
10

6035
10

6036
01

6037
10

6038
10

6039
01

6040
01

6041
01

6042
10

6043
10

6044
01

6045
01

6046
01

6047
01

6048
10

6049
10

6050
01

6051
01

6052
10

6053
10

6054
11

6055
10

6056
10

6057
10

6058
10

6059
10

6060
10

6061
01

6062
01

6063
10

6064
01

6065
01

6066
01

6067
01

6068
10

6069
10

6070
11

6071
10

6072
01

6073
01

6074
01

6075
10

6076
10

6077
01

6078
01

6079
01

6080
01

6081
01

6082
01

6083
01

6084
01

6085
10

6086
01

6087
01

6088
01

6089
01

6090
01

6091
01

6092
01

6093
01

6094
10

6095
10

6096
10

6097
10

6098
10

6099
01

6100
01

6101
01

6102
10

6103
10

6104
11

6105
10

6106
01

6107
10

6108
01

6109
01

6110
01

6111
10

6112
10

6113
10

6114
10

6115
01

6116
01

6117
10

6118
10

6119
10

6120
01

6121
10

6122
10

6123
10

6124
10

6125
10

6126
01

6127
01

6128
01

6129
11

6130
10

6131
10

6132
10

6133
01

6134
10

6135
10

6136
01

6137
10

6138
10

6139
10

6140
10

6141
10

6142
01

6143
10

6144
01

6145
11

6146
01

6147
10

6148
10

6149
10

6150
01

6151
01

6152
10

6153
01

6154
10

6155
01

6156
01

6157
10

6158
01

6159
10

6160
10

6161
10

6162
01

6163
10

6164
01

6165
01

6166
10

6167
01

6168
10

6169
10

6170
01

6171
10

6172
01

6173
01

6174
10

6175
10

6176
01

6177
10

6178
10

6179
10

6180
11

6181
01

6182
01

6183
01

6184
10

6185
10

6186
01

6187
01

6188
01

6189
01

6190
01

6191
01

6192
10

6193
10

6194
10

6195
01

6196
01

6197
10

6198
01

6199
01

6200
01

6201
10

6202
10

6203
10

6204
10

6205
01

6206
01

6207
01

6208
01

6209
01

6210
10

6211
10

6212
01

6213
10

6214
01

6215
01

6216
10

6217
10

6218
10

6219
01

6220
10

6221
10

6222
10

6223
01

6224
10

6225
11

6226
10

6227
01

6228
10

6229
01

6230
01

6231
10

6232
01

6233
10

6234
10

6235
10

6236
10

6237
10

6238
10

6239
10

6240
01

6241
10

6242
01

6243
10

6244
10

6245
10

6246
01

6247
01

6248
10

6249
10

6250
01

6251
01

6252
01

6253
10

6254
10

6255
01

6256
01

6257
01

6258
10

6259
01

6260
10

6261
10

6262
01

6263
01

6264
10

6265
01

6266
01

6267
10

6268
01

6269
01

6270
10

6271
11

6272
10

6273
01

6274
01

6275
10

6276
10

6277
10

6278
11

6279
01

6280
01

6281
01

6282
01

6283
01

6284
10

6285
10

6286
10

6287
10

6288
10

6289
10

6290
10

6291
10

6292
01

6293
01

6294
01

6295
01

6296
10

6297
01

6298
01

6299
10

6300
11

6301
01

6302
10

6303
01

6304
01

6305
10

6306
01

6307
01

6308
10

6309
10

6310
10

6311
10

6312
01

6313
01

6314
01

6315
01

6316
01

6317
10

6318
10

6319
10

6320
10

6321
10

6322
01

6323
01

6324
01

6325
01

6326
01

6327
01

6328
01

6329
01

6330
01

6331
01

6332
01

6333
10

6334
01

6335
10

6336
10

6337
10

6338
10

6339
01

6340
10

6341
10

6342
01

6343
10

6344
01

6345
11

6346
10

6347
10

6348
10

6349
01

6350
11

6351
10

6352
10

6353
01

6354
01

6355
10

6356
10

6357
11

6358
10

6359
10

6360
01

6361
10

6362
01

6363
10

6364
10

6365
01

6366
10

6367
10

6368
10

6369
11

6370
10

6371
10

6372
01

6373
01

6374
10

6375
10

6376
01

6377
01

6378
10

6379
01

6380
11

6381
10

6382
10

6383
10

6384
01

6385
11

6386
01

6387
01

6388
10

6389
10

6390
10

6391
01

6392
01

6393
10

6394
10

6395
01

6396
01

6397
10

6398
01

6399
01

6400
10

6401
01

6402
01

6403
01

6404
01

6405
01

6406
10

6407
01

6408
10

6409
01

6410
01

6411
10

6412
01

6413
10

6414
10

6415
10

6416
01

6417
01

6418
01

6419
11

6420
10

6421
10

6422
10

6423
01

6424
01

6425
10

6426
01

6427
01

6428
10

6429
10

6430
10

6431
10

6432
01

6433
10

6434
10

6435
10

6436
01

6437
10

6438
01

6439
10

6440
10

6441
01

6442
01

6443
10

6444
01

6445
10

6446
01

6447
10

6448
10

6449
01

6450
01

6451
10

6452
10

6453
01

6454
10

6455
10

6456
01

6457
10

6458
01

6459
10

6460
10

6461
01

6462
10

6463
01

6464
01

6465
10

6466
01

6467
01

6468
10

6469
10

6470
10

6471
01

6472
10

6473
01

6474
01

6475
01

6476
10

6477
10

6478
01

6479
01

6480
01

6481
10

6482
01

6483
01

6484
01

6485
01

6486
10

6487
10

6488
10

6489
10

6490
01

6491
01

6492
01

6493
01

6494
10

6495
01

6496
10

6497
01

6498
10

6499
10

6500
01

6501
01

6502
01

6503
10

6504
01

6505
01

6506
01

6507
10

6508
01

6509
01

6510
10

6511
10

6512
10

6513
10

6514
01

6515
10

6516
01

6517
01

6518
10

6519
10

6520
10

6521
10

6522
10

6523
01

6524
01

6525
01

6526
01

6527
01

6528
01

6529
10

6530
10

6531
01

6532
10

6533
01

6534
10

6535
01

6536
01

6537
10

6538
10

6539
01

6540
10

6541
01

6542
01

6543
01

6544
01

6545
01

6546
01

6547
01

6548
10

6549
01

6550
11

6551
01

6552
01

6553
10

6554
10

6555
10

6556
10

6557
01

6558
10

6559
10

6560
11

6561
10

6562
01

6563
11

6564
01

6565
01

6566
10

6567
10

6568
01

6569
01

6570
10

6571
01

6572
01

6573
10

6574
10

6575
01

6576
10

6577
10

6578
01

6579
01

6580
10

6581
01

6582
10

6583
11

6584
01

6585
10

6586
10

6587
10

6588
10

6589
01

6590
10

6591
01

6592
10

6593
01

6594
01

6595
10

6596
10

6597
01

6598
01

6599
10

6600
01

6601
10

6602
10

6603
01

6604
01

6605
01

6606
10

6607
10

6608
01

6609
10

6610
01

6611
10

6612
10

6613
01

6614
11

6615
01

6616
10

6617
01

6618
01

6619
10

6620
10

6621
01

6622
11

6623
01

6624
10

6625
01

6626
01

6627
01

6628
10

6629
10

6630
01

6631
01

6632
10

6633
01

6634
01

6635
10

6636
10

6637
01

6638
10

6639
10

6640
01

6641
01

6642
10

6643
10

6644
01

6645
10

6646
11

6647
01

6648
10

6649
01

6650
10

6651
10

6652
10

6653
10

6654
01

6655
01

6656
10

6657
10

6658
10

6659
01

6660
10

6661
10

6662
01

6663
10

6664
10

6665
10

6666
01

6667
01

6668
10

6669
01

6670
10

6671
01

6672
10

6673
01

6674
10

6675
10

6676
11

6677
01

6678
01

6679
01

6680
10

6681
10

6682
10

6683
01

6684
10

6685
10

6686
10

6687
01

6688
01

6689
01

6690
01

6691
10

6692
01

6693
01

6694
01

6695
10

6696
01

6697
10

6698
10

6699
01

6700
10

6701
10

6702
01

6703
01

6704
01

6705
10

6706
10

6707
01

6708
01

6709
01

6710
10

6711
10

6712
01

6713
10

6714
01

6715
01

6716
01

6717
10

6718
01

6719
10

6720
10

6721
11

6722
01

6723
10

6724
10

6725
01

6726
01

6727
10

6728
10

6729
01

6730
01

6731
10

6732
10

6733
01

6734
01

6735
10

6736
01

6737
11

6738
10

6739
01

6740
01

6741
10

6742
01

6743
01

6744
10

6745
01

6746
01

6747
10

6748
10

6749
01

6750
10

6751
10

6752
01

6753
10

6754
10

6755
01

6756
01

6757
01

6758
10

6759
01

6760
10

6761
10

6762
10

6763
10

6764
10

6765
01

6766
10

6767
01

6768
11

6769
01

6770
01

6771
10

6772
01

6773
01

6774
01

6775
01

6776
10

6777
10

6778
10

6779
10

6780
10

6781
10

6782
10

6783
10

6784
10

6785
10

6786
01

6787
01

6788
10

6789
11

6790
10

6791
10

6792
01

6793
01

6794
01

6795
10

6796
01

6797
10

6798
01

6799
01

6800
10

6801
01

6802
01

6803
01

6804
01

6805
01

6806
10

6807
10

6808
10

6809
10

6810
01

6811
10

6812
10

6813
10

6814
10

6815
01

6816
10

6817
10

6818
01

6819
10

6820
10

6821
01

6822
11

6823
01

6824
10

6825
10

6826
10

6827
01

6828
10

6829
01

6830
10

6831
01

6832
01

6833
10

6834
10

6835
01

6836
10

6837
11

6838
10

6839
01

6840
10

6841
10

6842
01

6843
01

6844
10

6845
11

6846
10

6847
01

6848
01

6849
10

6850
01

6851
10

6852
11

6853
01

6854
10

6855
01

6856
10

6857
10

6858
01

6859
01

6860
10

6861
01

6862
10

6863
01

6864
10

6865
10

6866
01

6867
01

6868
01

6869
10

6870
01

6871
10

6872
10

6873
10

6874
10

6875
11

6876
10

6877
10

6878
11

6879
10

6880
10

6881
01

6882
10

6883
10

6884
10

6885
10

6886
01

6887
10

6888
01

6889
10

6890
01

6891
10

6892
11

6893
10

6894
01

6895
01

6896
11

6897
01

6898
10

6899
01

6900
10

6901
10

6902
10

6903
10

6904
01

6905
01

6906
01

6907
11

6908
01

6909
10

6910
10

6911
10

6912
10

6913
10

6914
01

6915
10

6916
10

6917
10

6918
01

6919
10

6920
10

6921
10

6922
01

6923
10

6924
01

6925
01

6926
10

6927
10

6928
01

6929
01

6930
11

6931
11

6932
01

6933
10

6934
01

6935
10

6936
10

6937
10

6938
10

6939
01

6940
10

6941
01

6942
10

6943
01

6944
01

6945
01

6946
10

6947
01

6948
10

6949
01

6950
11

6951
11

6952
01

6953
01

6954
01

6955
01

6956
01

6957
01

6958
01

6959
10

6960
10

6961
01

6962
10

6963
01

6964
10

6965
10

6966
10

6967
10

6968
10

6969
10

6970
10

6971
11

6972
01

6973
01

6974
10

6975
01

6976
01

6977
01

6978
01

6979
10

6980
10

6981
10

6982
10

6983
10

6984
10

6985
10

6986
01

6987
01

6988
10

6989
01

6990
01

6991
01

6992
01

6993
10

6994
01

6995
01

6996
10

6997
10

6998
01

6999
10

7000
01

7001
11

7002
10

7003
10

7004
10

7005
01

7006
10

7007
01

7008
10

7009
01

7010
01

7011
01

7012
01

7013
01

7014
01

7015
01

7016
01

7017
01

7018
10

7019
01

7020
10

7021
10

7022
10

7023
01

7024
10

7025
10

7026
01

7027
01

7028
10

7029
01

7030
10

7031
10

7032
10

7033
10

7034
01

7035
10

7036
10

7037
01

7038
10

7039
01

7040
10

7041
01

7042
10

7043
01

7044
01

7045
10

7046
10

7047
01

7048
10

7049
01

7050
01

7051
01

7052
10

7053
01

7054
10

7055
10

7056
10

7057
10

7058
10

7059
01

7060
11

7061
01

7062
10

7063
01

7064
10

7065
10

7066
10

7067
10

7068
01

7069
01

7070
01

7071
10

7072
01

7073
01

7074
10

7075
01

7076
01

7077
01

7078
01

7079
01

7080
01

7081
10

7082
10

7083
01

7084
01

7085
10

7086
10

7087
01

7088
10

7089
01

7090
01

7091
01

7092
01

7093
10

7094
10

7095
01

7096
01

7097
01

7098
01

7099
01

7100
10

7101
01

7102
10

7103
10

7104
01

7105
10

7106
10

7107
01

7108
01

7109
01

7110
01

7111
10

7112
10

7113
01

7114
10

7115
01

7116
10

7117
01

7118
01

7119
10

7120
10

7121
10

7122
11

7123
10

7124
10

7125
10

7126
01

7127
10

7128
10

7129
10

7130
01

7131
01

7132
01

7133
10

7134
01

7135
11

7136
10

7137
10

7138
01

7139
01

7140
10

7141
11

7142
10

7143
10

7144
01

7145
10

7146
10

7147
10

7148
10

7149
10

7150
01

7151
10

7152
10

7153
10

7154
11

7155
01

7156
01

7157
10

7158
10

7159
10

7160
10

7161
10

7162
01

7163
10

7164
01

7165
01

7166
01

7167
10

7168
10

7169
01

7170
10

7171
01

7172
01

7173
10

7174
10

7175
10

7176
10

7177
10

7178
10

7179
01

7180
10

7181
10

7182
10

7183
01

7184
01

7185
01

7186
01

7187
11

7188
01

7189
01

7190
01

7191
01

7192
10

7193
01

7194
01

7195
10

7196
10

7197
01

7198
01

7199
10

7200
01

7201
01

7202
01

7203
10

7204
10

7205
10

7206
10

7207
01

7208
01

7209
10

7210
01

7211
01

7212
01

7213
10

7214
01

7215
01

7216
10

7217
10

7218
10

7219
10

7220
01

7221
10

7222
01

7223
10

7224
01

7225
01

7226
01

7227
10

7228
01

7229
10

7230
01

7231
10

7232
10

7233
01

7234
01

7235
10

7236
01

7237
10

7238
10

7239
01

7240
10

7241
10

7242
01

7243
11

7244
01

7245
01

7246
01

7247
10

7248
01

7249
01

7250
10

7251
10

7252
01

7253
10

7254
10

7255
01

7256
10

7257
01

7258
01

7259
01

7260
10

7261
10

7262
10

7263
01

7264
10

7265
01

7266
10

7267
11

7268
01

7269
10

7270
10

7271
11

7272
01

7273
10

7274
01

7275
01

7276
01

7277
10

7278
01

7279
01

7280
10

7281
01

7282
01

7283
11

7284
10

7285
10

7286
10

7287
10

7288
10

7289
11

7290
10

7291
10

7292
01

7293
01

7294
10

7295
10

7296
01

7297
01

7298
01

7299
01

7300
10

7301
01

7302
10

7303
01

7304
11

7305
01

7306
10

7307
01

7308
01

7309
01

7310
01

7311
10

7312
01

7313
01

7314
01

7315
01

7316
10

7317
10

7318
10

7319
10

7320
01

7321
01

7322
01

7323
10

7324
01

7325
01

7326
01

7327
01

7328
11

7329
10

7330
10

7331
10

7332
10

7333
01

7334
10

7335
10

7336
01

7337
10

7338
01

7339
01

7340
01

7341
01

7342
10

7343
10

7344
01

7345
01

7346
01

7347
10

7348
01

7349
01

7350
01

7351
01

7352
11

7353
10

7354
10

7355
10

7356
01

7357
10

7358
01

7359
01

7360
10

7361
10

7362
10

7363
10

7364
10

7365
01

7366
01

7367
10

7368
01

7369
10

7370
01

7371
01

7372
10

7373
10

7374
01

7375
10

7376
10

7377
10

7378
10

7379
10

7380
01

7381
01

7382
10

7383
10

7384
10

7385
01

7386
01

7387
10

7388
01

7389
10

7390
10

7391
10

7392
10

7393
01

7394
10

7395
01

7396
10

7397
01

7398
01

7399
10

7400
10

7401
01

7402
01

7403
01

7404
01

7405
10

7406
10

7407
10

7408
10

7409
10

7410
10

7411
10

7412
01

7413
11

7414
10

7415
01

7416
01

7417
01

7418
10

7419
10

7420
01

7421
10

7422
01

7423
10

7424
01

7425
10

7426
01

7427
01

7428
01

7429
01

7430
10

7431
10

7432
10

7433
10

7434
10

7435
10

7436
11

7437
10

7438
01

7439
10

7440
10

7441
10

7442
01

7443
01

7444
10

7445
01

7446
10

7447
01

7448
01

7449
10

7450
10

7451
01

7452
01

7453
01

7454
01

7455
11

7456
01

7457
11

7458
01

7459
10

7460
01

7461
10

7462
01

7463
10

7464
10

7465
01

7466
01

7467
01

7468
10

7469
10

7470
10

7471
11

7472
01

7473
10

7474
01

7475
01

7476
10

7477
10

7478
01

7479
10

7480
10

7481
01

7482
10

7483
01

7484
10

7485
01

7486
01

7487
01

7488
10

7489
01

7490
10

7491
10

7492
01

7493
01

7494
10

7495
10

7496
01

7497
01

7498
10

7499
10

7500
10

7501
01

7502
01

7503
10

7504
10

7505
01

7506
01

7507
01

7508
10

7509
10

7510
01

7511
01

7512
01

7513
01

7514
10

7515
10

7516
01

7517
01

7518
10

7519
01

7520
01

7521
01

7522
01

7523
01

7524
01

7525
10

7526
01

7527
10

7528
10

7529
01

7530
01

7531
01

7532
01

7533
10

7534
11

7535
01

7536
01

7537
01

7538
01

7539
10

7540
10

7541
01

7542
01

7543
10

7544
01

7545
01

7546
10

7547
10

7548
10

7549
01

7550
10

7551
11

7552
01

7553
01

7554
01

7555
01

7556
10

7557
01

7558
01

7559
10

7560
10

7561
10

7562
01

7563
01

7564
01

7565
01

7566
10

7567
10

7568
01

7569
10

7570
01

7571
01

7572
10

7573
10

7574
10

7575
01

7576
10

7577
01

7578
01

7579
01

7580
10

7581
10

7582
10

7583
10

7584
01

7585
10

7586
10

7587
01

7588
01

7589
10

7590
01

7591
10

7592
01

7593
01

7594
10

7595
10

7596
10

7597
01

7598
10

7599
10

7600
10

7601
01

7602
01

7603
01

7604
01

7605
10

7606
01

7607
10

7608
01

7609
01

7610
10

7611
01

7612
01

7613
10

7614
01

7615
10

7616
10

7617
01

7618
10

7619
10

7620
10

7621
10

7622
10

7623
01

7624
10

7625
10

7626
10

7627
11

7628
01

7629
11

7630
01

7631
10

7632
10

7633
01

7634
10

7635
01

7636
01

7637
10

7638
01

7639
01

7640
01

7641
01

7642
10

7643
10

7644
10

7645
01

7646
01

7647
01

7648
01

7649
10

7650
10

7651
10

7652
10

7653
01

7654
01

7655
01

7656
01

7657
10

7658
10

7659
10

7660
10

7661
10

7662
10

7663
01

7664
11

7665
10

7666
01

7667
01

7668
10

7669
01

7670
10

7671
01

7672
10

7673
10

7674
10

7675
10

7676
01

7677
11

7678
01

7679
10

7680
01

7681
10

7682
01

7683
10

7684
01

7685
01

7686
01

7687
10

7688
01

7689
10

7690
10

7691
01

7692
11

7693
10

7694
10

7695
10

7696
10

7697
10

7698
01

7699
01

7700
01

7701
01

7702
10

7703
01

7704
01

7705
01

7706
10

7707
01

7708
10

7709
01

7710
10

7711
01

7712
10

7713
01

7714
01

7715
10

7716
10

7717
01

7718
10

7719
10

7720
01

7721
01

7722
01

7723
01

7724
10

7725
01

7726
10

7727
10

7728
10

7729
10

7730
01

7731
10

7732
10

7733
10

7734
10

7735
10

7736
10

7737
10

7738
10

7739
01

7740
01

7741
10

7742
10

7743
01

7744
01

7745
10

7746
01

7747
10

7748
10

7749
01

7750
10

7751
01

7752
10

7753
10

7754
01

7755
01

7756
01

7757
10

7758
01

7759
10

7760
10

7761
10

7762
10

7763
10

7764
10

7765
10

7766
10

7767
10

7768
01

7769
10

7770
01

7771
10

7772
10

7773
01

7774
10

7775
10

7776
10

7777
10

7778
01

7779
10

7780
10

7781
01

7782
01

7783
01

7784
10

7785
01

7786
10

7787
10

7788
01

7789
01

7790
10

7791
01

7792
10

7793
01

7794
01

7795
10

7796
01

7797
01

7798
01

7799
01

7800
10

7801
01

7802
10

7803
10

7804
10

7805
01

7806
01

7807
10

7808
01

7809
10

7810
10

7811
01

7812
10

7813
10

7814
01

7815
11

7816
10

7817
01

7818
10

7819
10

7820
10

7821
01

7822
01

7823
01

7824
11

7825
01

7826
10

7827
01

7828
01

7829
01

7830
01

7831
01

7832
01

7833
10

7834
10

7835
01

7836
10

7837
10

7838
01

7839
10

7840
10

7841
10

7842
01

7843
10

7844
10

7845
01

7846
11

7847
01

7848
10

7849
11

7850
10

7851
10

7852
01

7853
01

7854
01

7855
01

7856
10

7857
10

7858
01

7859
10

7860
01

7861
01

7862
10

7863
01

7864
01

7865
10

7866
01

7867
01

7868
01

7869
10

7870
01

7871
01

7872
01

7873
10

7874
01

7875
10

7876
10

7877
10

7878
01

7879
10

7880
01

7881
01

7882
10

7883
10

7884
01

7885
10

7886
01

7887
01

7888
10

7889
01

7890
01

7891
01

7892
10

7893
10

7894
10

7895
01

7896
11

7897
01

7898
01

7899
10

7900
10

7901
01

7902
10

7903
10

7904
10

7905
01

7906
10

7907
10

7908
01

7909
10

7910
01

7911
01

7912
10

7913
01

7914
01

7915
10

7916
01

7917
10

7918
10

7919
01

7920
10

7921
10

7922
10

7923
10

7924
10

7925
01

7926
01

7927
10

7928
10

7929
01

7930
01

7931
01

7932
10

7933
01

7934
10

7935
01

7936
11

7937
10

7938
01

7939
01

7940
10

7941
10

7942
10

7943
10

7944
01

7945
10

7946
10

7947
01

7948
01

7949
10

7950
01

7951
10

7952
10

7953
01

7954
01

7955
10

7956
10

7957
01

7958
10

7959
01

7960
01

7961
10

7962
10

7963
10

7964
01

7965
01

7966
10

7967
10

7968
01

7969
01

7970
01

7971
10

7972
01

7973
01

7974
10

7975
10

7976
10

7977
10

7978
10

7979
10

7980
01

7981
10

7982
01

7983
11

7984
01

7985
10

7986
10

7987
10

7988
10

7989
10

7990
10

7991
01

7992
10

7993
01

7994
11

7995
10

7996
10

7997
10

7998
01

7999
10

8000
10

8001
10

8002
10

8003
10

8004
01

8005
01

8006
10

8007
11

8008
10

8009
10

8010
01

8011
10

8012
10

8013
10

8014
10

8015
01

8016
01

8017
10

8018
01

8019
10

8020
10

8021
10

8022
10

8023
01

8024
01

8025
01

8026
10

8027
01

8028
01

8029
10

8030
10

8031
01

8032
01

8033
01

8034
01

8035
10

8036
01

8037
10

8038
10

8039
01

8040
01

8041
01

8042
01

8043
01

8044
10

8045
01

8046
01

8047
01

8048
01

8049
10

8050
10

8051
10

8052
10

8053
10

8054
10

8055
10

8056
01

8057
01

8058
01

8059
10

8060
10

8061
01

8062
10

8063
10

8064
01

8065
10

8066
01

8067
01

8068
10

8069
10

8070
01

8071
01

8072
01

8073
01

8074
01

8075
10

8076
01

8077
01

8078
10

8079
01

8080
10

8081
01

8082
01

8083
01

8084
10

8085
01

8086
10

8087
01

8088
10

8089
10

8090
01

8091
10

8092
10

8093
01

8094
10

8095
10

8096
01

8097
01

8098
10

8099
10

8100
10

8101
10

8102
10

8103
10

8104
01

8105
01

8106
01

8107
11

8108
01

8109
10

8110
01

8111
10

8112
10

8113
10

8114
01

8115
10

8116
10

8117
10

8118
11

8119
10

8120
01

8121
10

8122
01

8123
10

8124
01

8125
11

8126
10

8127
01

8128
01

8129
10

8130
11

8131
01

8132
01

8133
10

8134
01

8135
01

8136
10

8137
01

8138
10

8139
01

8140
01

8141
01

8142
01

8143
11

8144
11

8145
10

8146
11

8147
10

8148
01

8149
10

8150
01

8151
01

8152
10

8153
01

8154
01

8155
10

8156
01

8157
10

8158
01

8159
10

8160
10

8161
10

8162
10

8163
10

8164
10

8165
01

8166
01

8167
10

8168
01

8169
10

8170
10

8171
01

8172
01

8173
10

8174
10

8175
01

8176
10

8177
01

8178
01

8179
10

8180
10

8181
10

8182
01

8183
10

8184
01

8185
10

8186
01

8187
01

8188
10

8189
10

8190
10

8191
01

8192
01

8193
10

8194
01

8195
01

8196
10

8197
01

8198
11

8199
01

8200
01

8201
01

8202
01

8203
10

8204
01

8205
11

8206
01

8207
01

8208
01

8209
10

8210
01

8211
11

8212
01

8213
10

8214
10

8215
01

8216
01

8217
01

8218
01

8219
10

8220
10

8221
10

8222
10

8223
01

8224
01

8225
01

8226
01

8227
10

8228
01

8229
01

8230
10

8231
01

8232
01

8233
01

8234
10

8235
01

8236
10

8237
10

8238
01

8239
10

8240
10

8241
01

8242
01

8243
01

8244
01

8245
10

8246
01

8247
11

8248
10

8249
01

8250
01

8251
10

8252
10

8253
01

8254
01

8255
10

8256
01

8257
10

8258
01

8259
10

8260
10

8261
01

8262
01

8263
10

8264
01

8265
10

8266
01

8267
01

8268
01

8269
01

8270
01

8271
01

8272
10

8273
10

8274
10

8275
10

8276
01

8277
01

8278
01

8279
10

8280
01

8281
01

8282
10

8283
10

8284
10

8285
10

8286
10

8287
01

8288
10

8289
10

8290
10

8291
01

8292
01

8293
01

8294
10

8295
10

8296
10

8297
11

8298
01

8299
01

8300
01

8301
01

8302
01

8303
01

8304
10

8305
01

8306
01

8307
10

8308
10

8309
01

8310
10

8311
10

8312
01

8313
01

8314
01

8315
01

8316
01

8317
01

8318
01

8319
10

8320
01

8321
10

8322
11

8323
01

8324
11

8325
01

8326
10

8327
10

8328
01

8329
10

8330
10

8331
01

8332
01

8333
10

8334
10

8335
01

8336
01

8337
01

8338
10

8339
10

8340
01

8341
01

8342
10

8343
01

8344
10

8345
01

8346
01

8347
10

8348
01

8349
10

8350
01

8351
01

8352
01

8353
10

8354
01

8355
01

8356
10

8357
01

8358
01

8359
10

8360
11

8361
10

8362
01

8363
01

8364
10

8365
01

8366
10

8367
10

8368
01

8369
01

8370
10

8371
01

8372
01

8373
01

8374
01

8375
01

8376
10

8377
01

8378
01

8379
10

8380
10

8381
10

8382
10

8383
01

8384
01

8385
10

8386
10

8387
10

8388
10

8389
10

8390
11

8391
01

8392
10

8393
10

8394
10

8395
11

8396
01

8397
01

8398
10

8399
10

8400
10

8401
11

8402
01

8403
10

8404
10

8405
01

8406
01

8407
10

8408
01

8409
01

8410
10

8411
11

8412
01

8413
11

8414
10

8415
10

8416
11

8417
10

8418
01

8419
01

8420
01

8421
01

8422
01

8423
11

8424
10

8425
01

8426
10

8427
10

8428
01

8429
10

8430
01

8431
01

8432
10

8433
10

8434
10

8435
01

8436
01

8437
10

8438
10

8439
10

8440
01

8441
10

8442
10

8443
01

8444
10

8445
01

8446
01

8447
10

8448
01

8449
10

8450
01

8451
01

8452
11

8453
10

8454
10

8455
10

8456
10

8457
01

8458
11

8459
01

8460
10

8461
10

8462
10

8463
01

8464
10

8465
10

8466
01

8467
01

8468
10

8469
01

8470
10

8471
01

8472
10

8473
01

8474
10

8475
10

8476
01

8477
10

8478
10

8479
10

8480
01

8481
01

8482
11

8483
01

8484
10

8485
11

8486
10

8487
10

8488
01

8489
01

8490
10

8491
01

8492
01

8493
10

8494
10

8495
10

8496
01

8497
01

8498
01

8499
01

8500
01

8501
01

8502
01

8503
01

8504
01

8505
10

8506
10

8507
01

8508
10

8509
01

8510
01

8511
01

8512
10

8513
10

8514
10

8515
01

8516
01

8517
01

8518
10

8519
10

8520
10

8521
01

8522
10

8523
10

8524
01

8525
10

8526
10

8527
01

8528
10

8529
10

8530
10

8531
10

8532
10

8533
11

8534
01

8535
01

8536
01

8537
01

8538
01

8539
10

8540
01

8541
10

8542
01

8543
10

8544
01

8545
10

8546
01

8547
10

8548
01

8549
01

8550
10

8551
10

8552
01

8553
10

8554
10

8555
10

8556
01

8557
01

8558
10

8559
01

8560
10

8561
10

8562
10

8563
10

8564
10

8565
10

8566
10

8567
01

8568
01

8569
01

8570
01

8571
01

8572
11

8573
01

8574
10

8575
10

8576
01

8577
01

8578
10

8579
01

8580
10

8581
01

8582
01

8583
10

8584
01

8585
01

8586
10

8587
10

8588
10

8589
10

8590
01

8591
10

8592
01

8593
01

8594
01

8595
10

8596
11

8597
10

8598
01

8599
01

8600
01

8601
01

8602
01

8603
10

8604
01

8605
11

8606
10

8607
10

8608
10

8609
10

8610
01

8611
10

8612
10

8613
10

8614
10

8615
10

8616
01

8617
10

8618
10

8619
01

8620
10

8621
10

8622
10

8623
01

8624
10

8625
10

8626
01

8627
01

8628
01

8629
01

8630
01

8631
01

8632
01

8633
11

8634
10

8635
10

8636
10

8637
10

8638
10

8639
01

8640
10

8641
01

8642
10

8643
01

8644
01

8645
01

8646
01

8647
10

8648
10

8649
01

8650
01

8651
11

8652
01

8653
10

8654
01

8655
10

8656
10

8657
01

8658
01

8659
10

8660
10

8661
10

8662
01

8663
10

8664
10

8665
10

8666
11

8667
10

8668
01

8669
01

8670
01

8671
01

8672
10

8673
01

8674
10

8675
10

8676
10

8677
10

8678
01

8679
01

8680
10

8681
01

8682
10

8683
01

8684
10

8685
01

8686
10

8687
01

8688
10

8689
10

8690
01

8691
01

8692
10

8693
01

8694
10

8695
10

8696
01

8697
10

8698
10

8699
01

8700
10

8701
10

8702
10

8703
01

8704
10

8705
10

8706
10

8707
01

8708
10

8709
10

8710
10

8711
01

8712
01

8713
01

8714
10

8715
10

8716
10

8717
10

8718
01

8719
01

8720
10

8721
01

8722
01

8723
10

8724
01

8725
11

8726
01

8727
01

8728
01

8729
10

8730
10

8731
01

8732
01

8733
10

8734
10

8735
10

8736
01

8737
01

8738
10

8739
01

8740
11

8741
01

8742
01

8743
10

8744
01

8745
10

8746
01

8747
10

8748
01

8749
10

8750
11

8751
01

8752
10

8753
01

8754
11

8755
11

8756
10

8757
11

8758
10

8759
10

8760
01

8761
10

8762
01

8763
01

8764
01

8765
10

8766
11

8767
01

8768
10

8769
10

8770
01

8771
10

8772
10

8773
01

8774
01

8775
01

8776
10

8777
10

8778
10

8779
10

8780
10

8781
10

8782
10

8783
01

8784
01

8785
01

8786
01

8787
10

8788
10

8789
01

8790
11

8791
10

8792
01

8793
01

8794
10

8795
10

8796
10

8797
01

8798
10

8799
01

8800
01

8801
01

8802
01

8803
10

8804
10

8805
10

8806
10

8807
10

8808
10

8809
10

8810
10

8811
01

8812
11

8813
01

8814
01

8815
01

8816
01

8817
01

8818
01

8819
10

8820
01

8821
01

8822
10

8823
10

8824
01

8825
10

8826
01

8827
01

8828
01

8829
10

8830
01

8831
01

8832
10

8833
01

8834
01

8835
10

8836
10

8837
10

8838
10

8839
11

8840
01

8841
01

8842
10

8843
01

8844
01

8845
10

8846
10

8847
01

8848
01

8849
10

8850
01

8851
01

8852
10

8853
01

8854
01

8855
01

8856
01

8857
11

8858
01

8859
10

8860
10

8861
11

8862
10

8863
10

8864
01

8865
10

8866
01

8867
10

8868
10

8869
01

8870
10

8871
10

8872
11

8873
10

8874
01

8875
01

8876
01

8877
10

8878
01

8879
10

8880
10

8881
01

8882
10

8883
01

8884
10

8885
10

8886
01

8887
10

8888
10

8889
11

8890
10

8891
01

8892
01

8893
01

8894
01

8895
01

8896
01

8897
10

8898
10

8899
10

8900
10

8901
01

8902
10

8903
01

8904
10

8905
01

8906
01

8907
01

8908
01

8909
10

8910
11

8911
10

8912
10

8913
01

8914
10

8915
01

8916
01

8917
01

8918
01

8919
01

8920
01

8921
01

8922
01

8923
01

8924
10

8925
01

8926
10

8927
10

8928
01

8929
01

8930
10

8931
11

8932
01

8933
01

8934
01

8935
01

8936
10

8937
01

8938
10

8939
11

8940
10

8941
10

8942
10

8943
10

8944
10

8945
10

8946
10

8947
10

8948
01

8949
01

8950
10

8951
10

8952
10

8953
01

8954
01

8955
10

8956
10

8957
10

8958
10

8959
10

8960
10

8961
11

8962
01

8963
01

8964
10

8965
11

8966
01

8967
10

8968
10

8969
01

8970
01

8971
01

8972
10

8973
10

8974
10

8975
10

8976
01

8977
01

8978
01

8979
10

8980
01

8981
10

8982
01

8983
01

8984
10

8985
10

8986
10

8987
10

8988
01

8989
10

8990
01

8991
01

8992
01

8993
10

8994
01

8995
10

8996
01

8997
10

8998
10

8999
10

9000
10

9001
01

9002
01

9003
10

9004
01

9005
10

9006
10

9007
10

9008
01

9009
10

9010
10

9011
10

9012
10

9013
10

9014
10

9015
01

9016
10

9017
10

9018
01

9019
10

9020
10

9021
10

9022
11

9023
01

9024
10

9025
10

9026
01

9027
01

9028
10

9029
01

9030
10

9031
01

9032
01

9033
01

9034
10

9035
01

9036
01

9037
10

9038
10

9039
10

9040
01

9041
10

9042
10

9043
01

9044
10

9045
01

9046
10

9047
10

9048
10

9049
01

9050
10

9051
10

9052
10

9053
10

9054
10

9055
01

9056
10

9057
10

9058
10

9059
01

9060
01

9061
01

9062
10

9063
01

9064
01

9065
01

9066
01

9067
01

9068
01

9069
10

9070
10

9071
01

9072
10

9073
01

9074
10

9075
10

9076
10

9077
01

9078
10

9079
01

9080
10

9081
10

9082
01

9083
01

9084
10

9085
10

9086
01

9087
11

9088
10

9089
01

9090
10

9091
01

9092
01

9093
01

9094
01

9095
10

9096
10

9097
01

9098
01

9099
10

9100
01

9101
10

9102
10

9103
01

9104
10

9105
10

9106
10

9107
10

9108
10

9109
10

9110
01

9111
10

9112
11

9113
01

9114
01

9115
10

9116
10

9117
01

9118
01

9119
10

9120
01

9121
10

9122
10

9123
01

9124
10

9125
10

9126
01

9127
01

9128
01

9129
10

9130
10

9131
01

9132
01

9133
10

9134
10

9135
01

9136
01

9137
01

9138
01

9139
10

9140
10

9141
10

9142
01

9143
01

9144
10

9145
01

9146
10

9147
10

9148
01

9149
01

9150
01

9151
01

9152
01

9153
01

9154
10

9155
01

9156
01

9157
10

9158
11

9159
01

9160
10

9161
10

9162
01

9163
01

9164
01

9165
10

9166
01

9167
01

9168
01

9169
10

9170
10

9171
10

9172
01

9173
10

9174
10

9175
10

9176
01

9177
10

9178
01

9179
11

9180
10

9181
10

9182
10

9183
10

9184
10

9185
10

9186
01

9187
01

9188
01

9189
01

9190
01

9191
01

9192
01

9193
01

9194
01

9195
01

9196
01

9197
01

9198
10

9199
01

9200
11

9201
10

9202
10

9203
10

9204
01

9205
01

9206
10

9207
11

9208
01

9209
10

9210
10

9211
01

9212
11

9213
10

9214
10

9215
10

9216
01

9217
10

9218
01

9219
10

9220
01

9221
10

9222
01

9223
10

9224
01

9225
01

9226
10

9227
01

9228
01

9229
10

9230
10

9231
01

9232
10

9233
10

9234
10

9235
01

9236
01

9237
01

9238
10

9239
10

9240
10

9241
10

9242
10

9243
10

9244
10

9245
01

9246
10

9247
10

9248
10

9249
01

9250
10

9251
10

9252
10

9253
01

9254
01

9255
01

9256
01

9257
01

9258
01

9259
01

9260
01

9261
10

9262
10

9263
11

9264
01

9265
01

9266
10

9267
10

9268
10

9269
10

9270
10

9271
10

9272
10

9273
01

9274
01

9275
10

9276
10

9277
01

9278
01

9279
10

9280
10

9281
10

9282
10

9283
01

9284
10

9285
10

9286
01

9287
01

9288
01

9289
01

9290
01

9291
10

9292
10

9293
10

9294
01

9295
01

9296
10

9297
10

9298
01

9299
10

9300
10

9301
01

9302
10

9303
10

9304
10

9305
10

9306
01

9307
11

9308
01

9309
01

9310
01

9311
10

9312
01

9313
10

9314
10

9315
01

9316
01

9317
01

9318
10

9319
10

9320
10

9321
01

9322
01

9323
11

9324
01

9325
01

9326
01

9327
10

9328
01

9329
10

9330
10

9331
01

9332
10

9333
10

9334
10

9335
10

9336
01

9337
10

9338
01

9339
10

9340
10

9341
11

9342
10

9343
01

9344
01

9345
11

9346
10

9347
01

9348
10

9349
10

9350
01

9351
10

9352
01

9353
01

9354
01

9355
10

9356
10

9357
10

9358
10

9359
01

9360
01

9361
11

9362
10

9363
01

9364
01

9365
11

9366
01

9367
01

9368
10

9369
01

9370
10

9371
01

9372
10

9373
10

9374
01

9375
01

9376
10

9377
01

9378
01

9379
10

9380
10

9381
01

9382
10

9383
01

9384
10

9385
01

9386
10

9387
01

9388
10

9389
01

9390
01

9391
01

9392
01

9393
10

9394
01

9395
10

9396
01

9397
01

9398
01

9399
01

9400
10

9401
10

9402
10

9403
10

9404
01

9405
10

9406
10

9407
01

9408
10

9409
01

9410
01

9411
01

9412
01

9413
01

9414
11

9415
01

9416
01

9417
10

9418
01

9419
10

9420
10

9421
10

9422
01

9423
01

9424
10

9425
10

9426
10

9427
10

9428
01

9429
01

9430
10

9431
10

9432
11

9433
01

9434
10

9435
10

9436
10

9437
01

9438
01

9439
01

9440
10

9441
01

9442
10

9443
01

9444
10

9445
01

9446
10

9447
01

9448
11

9449
01

9450
10

9451
01

9452
10

9453
11

9454
01

9455
10

9456
10

9457
10

9458
10

9459
01

9460
01

9461
01

9462
10

9463
01

9464
01

9465
01

9466
01

9467
01

9468
01

9469
01

9470
01

9471
01

9472
01

9473
01

9474
01

9475
10

9476
10

9477
10

9478
01

9479
10

9480
01

9481
10

9482
01

9483
01

9484
10

9485
10

9486
10

9487
10

9488
10

9489
10

9490
01

9491
10

9492
01

9493
10

9494
01

9495
01

9496
11

9497
01

9498
01

9499
01

9500
01

9501
01

9502
10

9503
10

9504
10

9505
01

9506
01

9507
10

9508
10

9509
10

9510
10

9511
01

9512
01

9513
10

9514
01

9515
10

9516
10

9517
01

9518
01

9519
10

9520
01

9521
01

9522
10

9523
10

9524
01

9525
10

9526
10

9527
10

9528
01

9529
10

9530
10

9531
10

9532
10

9533
10

9534
10

9535
10

9536
11

9537
01

9538
01

9539
10

9540
01

9541
10

9542
10

9543
01

9544
01

9545
01

9546
11

9547
01

9548
10

9549
01

9550
10

9551
01

9552
10

9553
10

9554
10

9555
10

9556
01

9557
10

9558
10

9559
01

9560
10

9561
10

9562
10

9563
10

9564
10

9565
01

9566
01

9567
10

9568
10

9569
01

9570
01

9571
01

9572
10

9573
10

9574
10

9575
10

9576
01

9577
01

9578
10

9579
01

9580
01

9581
01

9582
01

9583
10

9584
01

9585
10

9586
01

9587
01

9588
10

9589
01

9590
11

9591
01

9592
10

9593
10

9594
10

9595
01

9596
01

9597
01

9598
10

9599
01

9600
01

9601
01

9602
01

9603
10

9604
10

9605
10

9606
01

9607
01

9608
10

9609
01

9610
10

9611
10

9612
01

9613
10

9614
10

9615
10

9616
10

9617
01

9618
01

9619
10

9620
10

9621
10

9622
01

9623
10

9624
01

9625
11

9626
01

9627
10

9628
01

9629
10

9630
01

9631
01

9632
10

9633
01

9634
01

9635
10

9636
10

9637
01

9638
01

9639
10

9640
01

9641
10

9642
10

9643
01

9644
10

9645
01

9646
10

9647
10

9648
10

9649
11

9650
01

9651
10

9652
10

9653
01

9654
10

9655
10

9656
11

9657
10

9658
10

9659
01

9660
01

9661
10

9662
01

9663
01

9664
10

9665
01

9666
01

9667
01

9668
10

9669
10

9670
01

9671
01

9672
10

9673
10

9674
01

9675
10

9676
10

9677
10

9678
10

9679
10

9680
01

9681
10

9682
01

9683
01

9684
10

9685
10

9686
01

9687
01

9688
10

9689
10

9690
10

9691
10

9692
10

9693
01

9694
01

9695
11

9696
10

9697
10

9698
01

9699
10

9700
10

9701
01

9702
11

9703
01

9704
01

9705
10

9706
01

9707
10

9708
01

9709
10

9710
01

9711
11

9712
01

9713
10

9714
10

9715
10

9716
10

9717
01

9718
10

9719
10

9720
10

9721
01

9722
01

9723
01

9724
01

9725
11

9726
10

9727
01

9728
10

9729
01

9730
10

9731
01

9732
01

9733
01

9734
10

9735
01

9736
01

9737
01

9738
01

9739
01

9740
01

9741
10

9742
10

9743
01

9744
01

9745
10

9746
10

9747
01

9748
10

9749
01

9750
10

9751
10

9752
11

9753
10

9754
01

9755
10

9756
01

9757
01

9758
10

9759
10

9760
10

9761
10

9762
10

9763
01

9764
10

9765
01

9766
10

9767
10

9768
10

9769
10

9770
10

9771
01

9772
01

9773
01

9774
01

9775
10

9776
10

9777
10

9778
01

9779
10

9780
11

9781
10

9782
10

9783
01

9784
01

9785
10

9786
11

9787
11

9788
11

9789
10

9790
10

9791
10

9792
01

9793
10

9794
10

9795
11

9796
11

9797
01

9798
10

9799
11

9800
01

9801
11

9802
10

9803
01

9804
11

9805
10

9806
01

9807
10

9808
10

9809
10

9810
01

9811
01

9812
10

9813
11

9814
10

9815
01

9816
10

9817
10

9818
01

9819
01

9820
10

9821
01

9822
10

9823
10

9824
10

9825
10

9826
10

9827
01

9828
01

9829
01

9830
01

9831
01

9832
01

9833
01

9834
01

9835
10

9836
01

9837
01

9838
10

9839
01

9840
01

9841
01

9842
01

9843
01

9844
01

9845
10

9846
10

9847
01

9848
01

9849
11

9850
10

9851
01

9852
01

9853
10

9854
10

9855
01

9856
01

9857
10

9858
01

9859
10

9860
10

9861
01

9862
10

9863
01

9864
10

9865
10

9866
01

9867
10

9868
01

9869
10

9870
01

9871
10

9872
10

9873
11

9874
01

9875
10

9876
10

9877
10

9878
10

9879
10

9880
01

9881
01

9882
01

9883
01

9884
10

9885
01

9886
10

9887
10

9888
11

9889
10

9890
10

9891
01

9892
10

9893
10

9894
01

9895
10

9896
01

9897
10

9898
01

9899
10

9900
01

9901
01

9902
01

9903
01

9904
01

9905
10

9906
01

9907
01

9908
10

9909
10

9910
10

9911
10

9912
10

9913
10

9914
01

9915
01

9916
01

9917
10

9918
01

9919
01

9920
11

9921
10

9922
01

9923
01

9924
01

9925
01

9926
01

9927
01

9928
10

9929
10

9930
10

9931
01

9932
10

9933
10

9934
01

9935
01

9936
01

9937
01

9938
10

9939
01

9940
10

9941
01

9942
01

9943
01

9944
01

9945
11

9946
01

9947
01

9948
10

9949
10

9950
10

9951
01

9952
10

9953
10

9954
10

9955
01

9956
10

9957
01

9958
01

9959
01

9960
10

9961
10

9962
10

9963
01

9964
10

9965
01

9966
01

9967
01

9968
01

9969
10

9970
01

9971
01

9972
10

9973
10

9974
01

9975
10

9976
10

9977
01

9978
10

9979
10

9980
01

9981
01

9982
10

9983
01

9984
01

9985
01

9986
10

9987
01

9988
10

9989
10

9990
01

9991
10

9992
11

9993
01

9994
01

9995
10

9996
01

9997
10

9998
01

9999
10

