2
0 0
10111110110111000101001011000110
10111111011011010001110100100111
00111110011000000110001101000100
00111011101011111001001010001101
10111111011001011010010010010100
10111110111000101010101010000000
00111111010100010000100000111010
10111111000001010101100000100101
10111111001101011101000001010111
10111100101011001100111001010100
00111111011110001010011100101101
10111111000001000001000101010101
00111110101100000100010001001101
00111111000001011111001100000010
10111111000001100101010001011111
00111110111010011011000110001100
10111110100001110110001111011100
00111110100001110111101100101110
00111110100010001011110000000011
00111101100100101000100001111010
10111111010100011100010110001010
00111111001010111010110011000101
10111110101101111000010101101110
10111111001000001000000010100101
10111111011010110001111110000101
00111110001110100010011000010100
00111110101101011101001101101111
10111111011101111000000111001101
00111100110001100010000111110110
10111111000011000000100010111111
00111110100101001010100000101101
10111111001001101011100101110010
00111110110000111000010100101111
10111110011001111111011101001100
00111111010111111001101100010011
10111111001110011001011011011011
10111110101000101011111110000001
10111111010001011110011011001100
00111111010110010111000101110001
00111111010000010011001010100000
10111110111101111101111000100110
00111110101000111101001011011100
00111111001000100110101011110011
00111101111000100001101000111111
00111101011100101110010111000101
10111111000001000010101111110000
10111111010100000101010011010110
00111111010010110101111111011101
00111111010011010000001110011000
00111110100010000100101111000000
10111110101001001101010101100000
10111110100110100110100011001110
00111110111001110110000011101101
00111111010010110101001000001001
00111111010001100011000000110001
00111111000011110100101111011001
00111110100100010111000010111110
10111111010101001110101110011011
10111111001011010011111100000000
00111111010011000000111101001011
00111110010110011111011101111011
10111111011110110100101010000110
10111111010011000000101111101100
00111110101001110110110100000010
10111111011111010110100010010001
10111111001011011010101010010001
00111101110001111001110100010101
00111110110001001000000000101101
00111110100110111001101110111011
10111111000011010010110010010011
00111110110110010100010110000011
10111111000001101000011101001010
10111110101100101100101001101100 10111111000000110001001111001010
00111110111111000110100000111110 00111111011100100010111001110000
00111110100110010011100101011110 10111110010110101110111110010101
00111111001100101100110101101001 00111111010010001011101001010011
00111110101000010110010101000110 00111110100001100100100100110100
00111110000010111110010101100010 00111111000101101111000110000010
10111111010100000000100111011100 00111011101011001101001100010101
10111110100001110111010110000010 00111110000111010111111111001001
10111110111100000110111011001010 10111100011101010010111000100010
10111111000111000000100100011100 10111110100001001111010100011110
00111110111000111100101001111101 10111111011110000001011000010010
10111110111000000111110100110110 00111111010110110100110010010010
10111111011100111000110011011100 10111110000100110001010000110000
00111110100101001111011010110001 00111111011011101110110101100001
10111111001001010101000111000000 00111111011011010101111110011001
00111111011000011000001111001010 00111111001101001011110110101000
00111111011010000110100101010100 10111110110100100111101111111101
00111111010101000110100100011011 10111110011010110101000111100010
10111110000010010010101101011101
00111110100000111000101011111001
00111101100000111000101000001001
10111110101111110101100001110001
00111101010101001100111000000010
00111101111011001011110100101111
10111110100001111100001010110000
00111101001111001110010110111101
00111100100011110000110111000010
10111110101011111000111101101100
00111101110110111101001100010110
00111110001011000100010111100100
00111110101001100101101101001111
00111110101000011101110100101111
10111110110100111001110000101010
10111110100100000000110011001000
00111110000111100011100000000110
00111110000111011101010111000101
00111110000111100011100100000000
00111111100100111111000111100100
00111110001011110110000010101000
00111110101011100110110001000010
00111110100100101000100011100000
00111110010010000001101101111110
10111101110000011011001110010001
00111110011010010010011111000101
10111110011011010110100101110011
10111101100100011000000001011001
10111110000101010001101010001011
00111100110010010011011011000001
00111111001100011100010000001010
10111111000011110110011111101101
00111110010100101101000110110011
10111110111101111011011010010010
10111110000100001111101000111011
00111110101001110100001101001000
00111100100111011111100101111110
10111110101001011000101010100110
10111110010110111011110111000110
00111110010100001100010110111110
10111110000101011001010000111111
00111101100001001111110111111110
00111100010111111111111010100101
10111110010010000010101111110000
00111111001001001010011110101000
00111110010000101011110101101100
10111111000110111000011111101100
00111101011001010001110101110101
10111110010010110100110100000001
00111110100000101110111100001011
10111110011100110111011001011110
10111101000011001111110011110111
00111110000110110010000111010001
00111110100001001111101011100001
10111110101110000101110110010011
10111101110011011000010001111111
10111101110000101000100110100000
0 2
00111111011011001010000111100001
10111110100000000010000111101101
10111110110110110110111001001010
00111111001111001011100100000110
10111111000011011000010011011001
00111111011011010010101110000001
10111111011110011100011011100100
00111111011100001001001111110101
10111111011010011110011011110010
00111111010010000100001111101001
00111101011000101110110101110000
00111111011111000110010111100010
10111111010110100011011101010110
00111101110111001001011001001111
00111111011100000100100001101100
00111101001111010011011110110001
00111110100001001000000100010100
00111110110010000111001001011000
10111101101110100011001100100110
00111110100000101001111010010110
00111110001011001010110011111011
00111111010011010110010010010101
10111111011010001011101101000001
10111110111000000100101100110000
00111111011001101001110001010110
00111111010001111101000010101000
10111101101101011010000101000100
00111110011101100000100000010100
10111110111000111111011000110000
10111111000111111010111010010101
10111101100101001011000011111011
10111110100101100010101011010101
00111110001010110101001111100101
10111111010110000011001100101010
00111111011100101110001111100000
00111111011110001111000010011101
00111110110010101110101011101000
00111101100100111101100111001001
10111110110000110000101100110001
00111111001000001010100110111110
00111110101111010010101000101011
10111111001011001011110101111001
00111111010100100110010100001100
00111111001001010010001110011010
00111111011001100100110000101101
00111110111001110010001100000100
00111110011010000100011000111010
10111110001001110111000000110010
00111111010111011000111010010110
00111111001110110110110010111010
10111111011010001101100100011001
10111111011100101000000000000111
10111110011111010000000011000110
00111111000111110000000011011001
00111111011110010111110001000010
10111111001100101111110010001111
00111110010000001100011110011011
10111110011100111110111101111111
00111111011100001001100010011111
00111111001011110010101000110110
00111111001011010011100101101100
10111101100000000011101110011010
10111110001011100111001100011101
10111110111010000000011111111010
10111111011000110010001011000000
00111111001110101011110011100100
00111111001000000011010010010000
00111111011111111101101011111111
00111111011111100100011100101111
00111101111000110000110001011011
00111111000010011011100010111000
00111111011000111011100001010101
00111111001100110000010011111100 10111110100100010011110111001011
10111111000000010101101110010111 10111111010001011101101111000111
10111101110010101001001000111100 00111110101011111011000011100010
10111111001111011101111011010001 00111101001001100101110001010110
00111111011010000111100101100000 00111111000010110110110101010001
00111110010110010111001000010110 00111101001001010010110111101101
10111111000010101110111101010101 00111111001101000101000100100010
00111110101011111101001001001110 00111101110101001001110001000100
00111110011100011110110100111000 00111101111110011001101000011000
00111111010000001101100010111110 10111111011110001000110110011010
10111110010001011010101011000110 10111110100110001111111110010011
10111111001110110110001001011011 00111110001110000010011011000100
10111111011100010100001101100110 10111110010111001010111100100111
00111111000000101010000101011010 10111110000000000000110100100110
00111110011101100110010011011011 00111111010011101110110111100011
00111110110100001111101001001001 10111110100110110110001011101011
10111111000100101111011001011101 00111100111001010011010000101100
10111111001110100010110110000101 00111111000100010011101011111000
10111110010010001011001111100111
00111110111110100010011111000101
10111110110100111111101111001100
10111111000000101101000111011101
10111100100010001000001110010111
00111101111010111111100001000110
10111100001000001011001110000100
10111111000111101100011110010001
10111100110110110000010101111011
10111110110010000101110111010100
00111110010011011011100100110001
00111101111000010011110011101011
10111110100100000101110110010100
10111110000111011101110000100100
10111110101000101011000111111000
10111100100110100000101001000111
00111110100100101011010110111001
10111110100101110110100001010011
00111110000110101101011111010101
10111110001000101110010100101000
10111110011100111001001000001111
10111101000000111000010011010111
10111110100111110000001101100010
10111110001010100001010011000001
10111110101101111111111001111010
00111111000101101110010000010001
00111100001011010101001111010001
10111110010101101111010010100111
00111101100000110111100000100001
10111101000010100000011101011001
10111101100001111100001110000011
00111110001111001010110000001001
00111110011010001011010011010101
10111110001000101111100001001111
10111110001100001110010000110000
10111101101010001111110111100100
10111111001100001100100110011101
10111110111010001011101110111101
00111110110100011111001110101111
00111110111111001010101011000011
10111101010011000000001010100101
00111110001100010001111001001001
00111101101111110011101101101011
00111111011011000111010101000011
00111110101010111111011101111010
10111101000111010010111101100101
10111110100100101100010101100001
10111110111101101100000000001010
00111101011110100000010000100000
10111110011010000101100111011000
10111110110110100111010101001011
10111110010001101010000010010000
10111110101001100010000000110011
00111111000000011001001010001110
00111110100001110110101101111100
10111011000111001011111110011110
00111110100101111000101111011001