PATTERN: 1 
8622 
1658 
9383 
2207 
1032 
7030 
5138 
1469 
7381 
4206 
11268 
1689 
9852 
3814 
4602 
6003 
3480 
1751 
522 
2580 
5915 
1633 
6050 
10503 
2287 
292 
10300 
291 
2101 
7480 
9071 
1251 
4901 
5447 
2877 
3184 
4782 
3850 
4148 
10133 
6778 
3947 
261 
9745 
9357 
5118 
8065 
4358 
9741 
8878 
9721 
969 
2730 
4745 
11763 
1457 
5078 
4157 
1990 
11712 
5875 
2282 
7109 
9696 
9579 
2794 
2750 
9738 
529 
9010 
6010 
741 
11552 
9307 
12261 
10460 
11650 
11976 
8520 
6455 
9942 
9211 
9785 
11805 
11708 
607 
3878 
4515 
7365 
10147 
6106 
12084 
272 
9925 
11874 
2216 
4679 
3056 
9126 
8102 
11088 
3016 
2220 
5353 
697 
8587 
11524 
10809 
4969 
7583 
5468 
2877 
10001 
5509 
7178 
11059 
3545 
6123 
2408 
11527 
11968 
5416 
6202 
11556 
3153 
5398 
8326 
10287 
PATTERN: 2 
9374 
8049 
3437 
11935 
3380 
10461 
7484 
11954 
3304 
5747 
9201 
8323 
703 
3206 
1718 
3898 
4759 
2947 
4410 
3806 
11220 
4633 
4655 
2993 
3070 
5347 
7562 
4361 
10551 
10066 
10786 
4459 
4731 
4452 
51 
7009 
7030 
11446 
2777 
9329 
7913 
9509 
2712 
2277 
29 
1766 
5675 
2814 
2756 
11117 
10722 
5547 
9050 
11849 
12202 
5169 
8384 
5573 
1758 
842 
10606 
9180 
836 
1344 
3963 
10242 
1585 
8771 
2665 
2403 
10101 
8356 
4774 
8130 
4670 
2294 
90 
5292 
8005 
11499 
10709 
12142 
6627 
4013 
4453 
3871 
7424 
642 
9723 
2900 
2992 
11018 
8095 
11521 
11866 
844 
10494 
31 
11182 
8716 
9323 
9804 
9264 
5768 
4668 
808 
7551 
11068 
1202 
7937 
7654 
1444 
10721 
6690 
8890 
6848 
7487 
6071 
5612 
10440 
7919 
1831 
4099 
7991 
9495 
1982 
8088 
3693 
PATTERN: 3 
7248 
5527 
9893 
10065 
7516 
4805 
2746 
6205 
5890 
3168 
143 
10566 
3509 
8099 
10917 
2411 
2368 
6071 
10736 
9073 
5611 
3671 
2948 
1259 
14 
10244 
3066 
2075 
560 
9370 
9258 
278 
6895 
7953 
6936 
7635 
8629 
1683 
7759 
935 
6392 
12024 
466 
2848 
1906 
9762 
4842 
8051 
8904 
488 
4248 
3261 
4282 
5808 
11419 
2613 
6313 
10079 
4977 
7005 
202 
9084 
2838 
8618 
4368 
7204 
11596 
9803 
1147 
6995 
11536 
3311 
9518 
3453 
9115 
10439 
9141 
7163 
7089 
4977 
5276 
1718 
10580 
8732 
3853 
10926 
579 
5078 
6588 
6799 
7594 
10670 
6511 
3415 
7704 
2604 
10585 
998 
2804 
11431 
11740 
1941 
4049 
6954 
11428 
2998 
9670 
7625 
4303 
12057 
6178 
6225 
11546 
469 
6958 
610 
4132 
3314 
9557 
605 
11319 
9461 
2205 
11702 
1231 
8243 
10287 
8480 
PATTERN: 4 
2998 
8819 
6162 
4687 
95 
7209 
5966 
1081 
10289 
270 
9684 
7116 
9437 
10856 
7390 
8754 
7061 
1338 
7271 
8651 
5207 
3883 
6758 
12104 
821 
2848 
4764 
7780 
10468 
3337 
5467 
6612 
6659 
1203 
8733 
1000 
11931 
10063 
1219 
5576 
11649 
9947 
7729 
3340 
4244 
297 
3795 
2393 
7428 
11196 
2642 
4053 
6643 
9951 
317 
7365 
6135 
7749 
8522 
8789 
10625 
11151 
4354 
4342 
7657 
4694 
3680 
6848 
9205 
805 
5650 
7700 
409 
9567 
2880 
10378 
10497 
1268 
9635 
11035 
7045 
7186 
4023 
1867 
8657 
6202 
1125 
11139 
8097 
1814 
4431 
3011 
6446 
3513 
9633 
10303 
4813 
8358 
12035 
11882 
4505 
8833 
12113 
2240 
11460 
6669 
5678 
11718 
7315 
3399 
5056 
3649 
5043 
2462 
4414 
3074 
6530 
12240 
10690 
423 
12209 
772 
5125 
12091 
5830 
399 
5784 
633 
PATTERN: 5 
2769 
5816 
1107 
5725 
11338 
9254 
2807 
1486 
3270 
3671 
8037 
7492 
11694 
6018 
6563 
11863 
2588 
4303 
3377 
11823 
6996 
7342 
11317 
1260 
6207 
3491 
11125 
8869 
8903 
10577 
7139 
178 
8974 
1506 
6871 
12206 
9354 
7202 
8064 
2283 
738 
8560 
4396 
172 
4795 
11898 
10656 
5805 
2685 
7976 
8259 
1456 
244 
9643 
441 
10867 
5386 
11022 
9565 
6660 
2915 
10699 
6283 
6539 
1423 
7924 
713 
5221 
1523 
3114 
7125 
3802 
774 
11454 
5168 
10044 
5357 
7069 
3741 
11920 
1559 
8730 
1203 
1163 
508 
9829 
11855 
9595 
449 
11669 
4527 
2581 
4909 
6662 
4883 
6865 
3594 
7563 
1252 
1752 
8801 
7310 
7290 
8142 
7122 
9560 
737 
11011 
12193 
3356 
6100 
3164 
4554 
32 
2576 
7 
11987 
7007 
2151 
1896 
9960 
524 
7493 
5440 
7453 
6316 
5279 
10332 
PATTERN: 6 
8158 
3630 
4617 
7568 
9564 
6769 
7936 
4349 
8413 
8705 
10697 
10691 
865 
10335 
11332 
12060 
5998 
10112 
5610 
6060 
440 
8141 
3751 
7428 
8545 
8692 
7500 
6573 
11901 
2968 
10900 
6750 
374 
12041 
9735 
10550 
4359 
490 
2773 
1162 
5983 
7895 
1636 
7661 
4788 
6832 
5217 
2091 
3176 
319 
1978 
6782 
4663 
6211 
8201 
11165 
7215 
11830 
4141 
3576 
1808 
5737 
9761 
664 
8926 
4557 
3369 
2041 
6559 
10910 
9982 
11474 
11476 
10160 
2703 
7564 
5668 
2194 
2244 
10621 
6869 
5386 
7050 
10552 
7798 
11378 
11220 
6484 
1917 
9041 
3842 
2774 
5518 
11610 
2490 
953 
392 
9296 
11153 
7768 
4630 
7062 
8894 
4650 
5730 
4000 
9925 
478 
10806 
3655 
12050 
4130 
7443 
7964 
3550 
4176 
4671 
8589 
10865 
8254 
375 
6440 
2019 
5246 
7006 
9824 
6397 
2723 
PATTERN: 7 
5942 
7076 
9997 
10786 
780 
4612 
7611 
5868 
6592 
9241 
7614 
3551 
2953 
11441 
12152 
2786 
5334 
11954 
4279 
1549 
571 
1777 
1650 
10688 
1152 
3347 
9582 
6497 
3205 
7434 
3326 
11346 
8449 
2601 
7124 
5628 
11141 
3019 
7745 
8930 
5823 
6328 
6704 
7995 
11795 
4406 
3562 
7974 
5033 
9957 
1262 
1052 
8149 
3523 
3893 
6848 
1780 
2265 
11938 
10311 
3088 
6987 
7650 
808 
3400 
699 
5005 
9675 
10046 
5500 
7581 
10954 
4566 
7559 
7335 
7574 
11037 
2074 
1350 
7180 
4170 
2089 
666 
4286 
6571 
10200 
11687 
7977 
4624 
11784 
1497 
9108 
11707 
7175 
12150 
7008 
121 
1557 
179 
1923 
12072 
10139 
8563 
1841 
5991 
6116 
9329 
7643 
8949 
670 
2947 
3838 
5258 
9405 
7202 
7180 
7604 
4870 
9504 
7171 
8375 
1319 
6552 
6622 
11166 
3298 
6093 
3968 
PATTERN: 8 
2037 
4677 
5097 
971 
7965 
6982 
9280 
12283 
7225 
9004 
2924 
11018 
8270 
1578 
9676 
8709 
9713 
8124 
9968 
11235 
1960 
6667 
1902 
3073 
10757 
7373 
5325 
4362 
11143 
8609 
11496 
1894 
8226 
12168 
4320 
1860 
6512 
5877 
2177 
12123 
7766 
7673 
7952 
1108 
7965 
7053 
10557 
11380 
2177 
11794 
4890 
3616 
304 
5305 
3150 
1154 
2611 
1072 
7298 
4015 
3535 
97 
6179 
2948 
9829 
2834 
11557 
9216 
9239 
1217 
5586 
1515 
9529 
10153 
12274 
3006 
8566 
2868 
4439 
8412 
6758 
3080 
259 
11152 
250 
9113 
666 
5513 
4896 
7271 
11705 
947 
4247 
3211 
8177 
2602 
3749 
1569 
9529 
7642 
2520 
10161 
6098 
2473 
9370 
1806 
3602 
2970 
7347 
1395 
9073 
9956 
434 
10335 
12202 
65 
8770 
3174 
437 
6175 
10830 
3758 
7774 
3226 
5433 
2431 
10703 
1817 
PATTERN: 9 
4222 
1392 
3303 
6321 
3545 
1273 
2625 
7793 
5317 
8182 
666 
11273 
7869 
3753 
2414 
114 
9377 
1616 
6302 
865 
2082 
6588 
5994 
5277 
1753 
9854 
10257 
3870 
7952 
9040 
5289 
3178 
7912 
8941 
2804 
37 
3269 
10553 
2729 
823 
7467 
6107 
2333 
6079 
6853 
4831 
11479 
6370 
5079 
7492 
10134 
6069 
5176 
2666 
8245 
4710 
11615 
8607 
9446 
11777 
7485 
7313 
5845 
9900 
1112 
2194 
4794 
1632 
915 
6066 
8818 
7361 
7606 
12191 
1068 
4690 
191 
3046 
8728 
3541 
10892 
3502 
2348 
1820 
4982 
10205 
5195 
1051 
6612 
5556 
7579 
1661 
9284 
7838 
5166 
11480 
4385 
4352 
1372 
4144 
4925 
2347 
11948 
6437 
10519 
40 
6143 
1121 
7562 
1416 
7320 
964 
3162 
11714 
4079 
10559 
5459 
7864 
4610 
3419 
2986 
9612 
9261 
8528 
11147 
5370 
9910 
5414 
PATTERN: 10 
4977 
9890 
3211 
1 
3510 
8236 
9176 
8712 
6508 
2360 
6979 
9198 
828 
2829 
7903 
3035 
11309 
11709 
3680 
7529 
312 
7612 
7839 
8500 
4142 
7650 
3862 
8966 
4435 
6710 
231 
8943 
12171 
8534 
6720 
2097 
7839 
3173 
11693 
6245 
4837 
1049 
7335 
6356 
7043 
2368 
10089 
3025 
9066 
2657 
10918 
6923 
8061 
4019 
9115 
2568 
10436 
7363 
10102 
11375 
7442 
4409 
5481 
3194 
4842 
9720 
9279 
5860 
10325 
8714 
6076 
4238 
41 
6643 
7685 
11029 
685 
2307 
6061 
10010 
8781 
9110 
7216 
9847 
12271 
8651 
5318 
4896 
9211 
8807 
11085 
835 
11898 
6194 
12065 
4762 
8352 
6059 
3214 
7203 
6145 
737 
1902 
2444 
1202 
881 
11327 
6258 
8000 
1198 
6339 
5779 
3390 
387 
9253 
7909 
11997 
11676 
2470 
7610 
4640 
2630 
1311 
10843 
4506 
10577 
4600 
2440 
PATTERN: 11 
3634 
7498 
8850 
6573 
56 
5559 
11564 
4959 
11115 
10427 
7927 
2410 
4239 
4289 
5981 
7401 
5489 
524 
3532 
12032 
2844 
1807 
10696 
5083 
985 
7849 
4201 
3238 
1353 
4861 
5435 
2094 
9950 
1726 
11636 
6287 
6567 
5810 
9786 
3947 
8867 
5412 
4932 
1325 
11795 
1589 
33 
8259 
3093 
5626 
5877 
11750 
6135 
1959 
9645 
8233 
6246 
8490 
5662 
8237 
6199 
7451 
9546 
8744 
7173 
4131 
6667 
3268 
4867 
4966 
10494 
1152 
8547 
813 
9591 
3276 
11805 
8328 
10638 
822 
4081 
10839 
884 
2430 
6911 
1611 
3139 
7254 
10334 
4675 
10276 
10022 
12198 
11600 
2192 
443 
2028 
7962 
344 
456 
11802 
11937 
12042 
3773 
2721 
8707 
5966 
1160 
9690 
3936 
5536 
8491 
9155 
2945 
3073 
8782 
3607 
1165 
10816 
10597 
2172 
4386 
11567 
2062 
3997 
6229 
7579 
10186 
PATTERN: 12 
6736 
5634 
11185 
6828 
12265 
3839 
5511 
767 
10560 
7334 
9201 
4374 
7278 
4961 
2845 
4679 
11510 
2381 
243 
11142 
7259 
9575 
4994 
11491 
3656 
6464 
3328 
3813 
957 
218 
11960 
8113 
10536 
7141 
6662 
2278 
6255 
4758 
3264 
8233 
19 
9790 
4264 
11147 
10936 
8315 
335 
10356 
6534 
6906 
8413 
8854 
4254 
3920 
6081 
1436 
8702 
10930 
1679 
4499 
2267 
11815 
3662 
5346 
9137 
12038 
1398 
8646 
3992 
51 
7226 
11419 
3676 
1924 
8470 
10282 
118 
6037 
4872 
1710 
4910 
3713 
8907 
434 
3444 
5387 
3466 
3203 
3714 
403 
8044 
10265 
2386 
5846 
5279 
1853 
4524 
7358 
2288 
8646 
7189 
4583 
492 
131 
9214 
7804 
2599 
7839 
11676 
3686 
8332 
2172 
4069 
8888 
3583 
7118 
8875 
8837 
7154 
9158 
250 
1054 
12067 
8398 
8096 
10170 
6998 
5988 
PATTERN: 13 
10804 
4738 
11571 
2384 
2891 
1780 
6776 
489 
2922 
6615 
4960 
6317 
9109 
8330 
11749 
10503 
1013 
8734 
9306 
2504 
10533 
200 
1360 
1870 
6735 
10068 
6380 
11206 
9386 
10873 
74 
1138 
1927 
8556 
419 
589 
10359 
3703 
8487 
2783 
10107 
8104 
8413 
12090 
10328 
8409 
11357 
1553 
8591 
9404 
8348 
2701 
6156 
9455 
7945 
966 
2699 
5933 
12028 
6459 
38 
1327 
7434 
1004 
987 
12186 
11878 
3319 
11173 
11591 
4651 
2402 
11589 
11455 
5742 
5842 
3289 
1155 
2706 
9370 
2521 
3780 
6609 
10777 
10342 
3924 
2194 
7944 
4539 
842 
6436 
763 
10947 
820 
1326 
10197 
9328 
694 
7457 
2660 
2419 
5742 
10040 
5787 
4395 
11839 
1094 
8449 
5780 
9152 
3132 
11026 
2387 
8152 
6159 
3641 
10159 
9759 
8450 
447 
4768 
8204 
9715 
9259 
3536 
5749 
4582 
9017 
PATTERN: 14 
3484 
1325 
3493 
10740 
4087 
9548 
7704 
11232 
9905 
3420 
11680 
9305 
6238 
4157 
9260 
9404 
4491 
2293 
7481 
12114 
3880 
6639 
5968 
1514 
8472 
8985 
5879 
8499 
2863 
11373 
11535 
3536 
7202 
5062 
4598 
11634 
11790 
6629 
1620 
9510 
10442 
86 
10592 
109 
3694 
6418 
438 
6054 
3472 
8616 
2591 
4516 
8450 
10635 
11853 
5853 
3546 
5459 
4675 
7733 
1584 
4069 
11570 
3371 
7728 
5941 
7745 
3392 
11726 
1987 
154 
5827 
2959 
10986 
358 
7563 
11151 
5526 
343 
4922 
1846 
1705 
2965 
12104 
6295 
1976 
7166 
11304 
1242 
5747 
7437 
6417 
10361 
5722 
7602 
7627 
1335 
4375 
9526 
5499 
8653 
10158 
666 
9835 
930 
2186 
8938 
4214 
7090 
7132 
583 
9219 
10278 
2962 
490 
7538 
9054 
3114 
10300 
9715 
2975 
4207 
3331 
11956 
11156 
12062 
8802 
1331 
PATTERN: 15 
3845 
4585 
4135 
6206 
7317 
2370 
5444 
8785 
2861 
1758 
7408 
9980 
7005 
4558 
3318 
4214 
8531 
10427 
10917 
5168 
9777 
11615 
6353 
4479 
3783 
2277 
1305 
9281 
6102 
893 
11538 
11397 
10170 
10531 
12174 
10502 
2081 
11581 
4505 
1072 
7417 
10009 
5213 
8582 
11631 
386 
5556 
1494 
2571 
10638 
1834 
6589 
10922 
2986 
3191 
7967 
10224 
1044 
60 
11821 
9102 
2887 
9545 
5904 
2175 
4088 
8704 
4102 
11696 
7086 
3231 
7843 
604 
1014 
9205 
9927 
1014 
5108 
4096 
4426 
11426 
1399 
6213 
8771 
912 
569 
681 
5994 
8115 
198 
3008 
5572 
52 
12193 
4348 
4222 
543 
11110 
11766 
2252 
10801 
3256 
4456 
10396 
11137 
10277 
5934 
10700 
1553 
9594 
6633 
7586 
4172 
8700 
11776 
8441 
11733 
12219 
9279 
3114 
4452 
3779 
7582 
3167 
5661 
8961 
6612 
5842 
PATTERN: 16 
7078 
7019 
1173 
10672 
11570 
3429 
2054 
6697 
7773 
7429 
1624 
3908 
9157 
5063 
10649 
10419 
860 
9404 
10567 
2266 
9465 
9876 
8358 
3046 
6541 
11803 
10001 
8340 
1578 
5753 
9659 
11316 
6499 
11582 
8084 
2002 
4476 
10102 
4212 
2234 
9857 
3365 
11996 
360 
5822 
1870 
7376 
9117 
715 
3445 
9358 
1630 
727 
8259 
7759 
910 
2057 
2440 
9777 
5288 
8652 
2962 
10578 
8004 
11627 
12243 
11171 
776 
7753 
4271 
6944 
12257 
6924 
6064 
5909 
3625 
5439 
6692 
1475 
5512 
10588 
1444 
9611 
6098 
11253 
12134 
7923 
796 
7241 
8277 
10282 
494 
8963 
4867 
2232 
8641 
9975 
6395 
2185 
301 
9846 
2050 
2857 
11502 
5462 
1085 
202 
3973 
12049 
840 
10301 
9466 
5030 
7993 
3433 
3167 
3528 
4977 
7834 
8396 
399 
1334 
7766 
2779 
4436 
10012 
8974 
6314 
PATTERN: 17 
7605 
8082 
11329 
468 
6063 
3853 
6508 
9411 
6577 
4138 
6856 
506 
298 
1540 
10877 
1477 
10776 
11069 
1933 
9543 
4678 
12286 
10800 
6266 
6222 
2523 
231 
8340 
2610 
8680 
1193 
11110 
979 
10498 
8099 
10115 
2751 
12148 
4319 
11021 
11188 
10904 
3816 
4246 
2075 
1202 
1850 
9246 
778 
11017 
2175 
11521 
3953 
9999 
8589 
4116 
11628 
3668 
11695 
7878 
5068 
949 
10541 
5055 
3843 
10617 
11154 
4153 
2176 
1534 
1321 
10788 
5534 
4448 
11101 
9278 
8545 
42 
4447 
1934 
5028 
5483 
9239 
3078 
1894 
1810 
5340 
6797 
8666 
12040 
11454 
2416 
2471 
4433 
3904 
11793 
9861 
3759 
7479 
3180 
10904 
3115 
4587 
8095 
6830 
3114 
2352 
3923 
3852 
10622 
11187 
11794 
5179 
8803 
7443 
10535 
1725 
2991 
10103 
3934 
5906 
5030 
11743 
523 
5831 
8242 
4060 
9155 
PATTERN: 18 
10564 
7174 
2382 
7781 
8927 
12010 
7676 
1854 
10899 
1717 
4501 
7131 
157 
1547 
4689 
10807 
12097 
1298 
3753 
12168 
9712 
7012 
7353 
8686 
1061 
742 
1798 
7133 
239 
3195 
9283 
6079 
11913 
5775 
1199 
2364 
874 
3907 
9500 
3270 
3433 
45 
10773 
10968 
9948 
5165 
3243 
12176 
1672 
6510 
8543 
7568 
3942 
5629 
5233 
11092 
10638 
4625 
11247 
11554 
1242 
11613 
6172 
515 
4536 
15 
4561 
8856 
4719 
8984 
12092 
1770 
3290 
3133 
4245 
7808 
3845 
6175 
4756 
1230 
4292 
2939 
10631 
4562 
5366 
1946 
4566 
3940 
7351 
352 
9462 
10064 
4197 
11325 
3123 
4799 
5940 
7395 
7162 
264 
1317 
533 
7291 
8683 
10157 
1131 
1304 
12263 
3176 
10610 
6264 
10370 
1309 
11623 
10336 
1801 
6593 
10603 
1097 
3165 
3495 
8339 
10241 
7478 
8129 
2028 
8574 
12208 
PATTERN: 19 
3876 
11731 
7171 
8665 
9243 
1678 
10888 
6404 
6819 
11249 
11793 
4905 
59 
3979 
9803 
1593 
10045 
144 
5204 
2839 
3162 
7377 
8960 
9880 
5745 
6567 
7643 
9754 
8659 
3491 
12222 
11026 
8231 
9526 
6274 
11928 
822 
1226 
1316 
1476 
1353 
2003 
1601 
6964 
2323 
4631 
3651 
1668 
2510 
9273 
11580 
12137 
1688 
10909 
7133 
7996 
11899 
3499 
10823 
5399 
2457 
8823 
1787 
500 
4481 
1875 
4463 
1446 
10566 
11201 
3089 
10124 
4800 
8653 
10708 
854 
4165 
1988 
9881 
7349 
2673 
2974 
8865 
8045 
4738 
12080 
5623 
11638 
10246 
5332 
6587 
5497 
2528 
12169 
10718 
6310 
10021 
7382 
6791 
9347 
784 
2782 
4603 
165 
2391 
407 
1978 
9134 
11242 
4968 
10753 
9852 
5233 
11078 
7077 
1154 
3075 
3924 
10798 
5849 
8905 
8127 
6064 
6025 
1978 
4547 
8252 
7861 
PATTERN: 20 
7656 
2673 
7359 
3532 
10167 
1774 
6993 
5713 
2293 
5958 
12129 
3286 
11920 
9181 
10860 
10364 
5316 
5068 
6274 
6920 
8066 
1850 
6633 
2092 
11991 
10180 
2449 
4957 
4522 
7253 
12129 
1144 
11182 
10265 
11821 
9413 
8412 
8786 
5632 
493 
2174 
442 
2158 
2323 
9083 
11479 
11358 
1434 
10446 
10842 
7631 
2224 
6578 
1634 
9062 
9401 
2370 
6820 
10534 
11822 
1665 
4582 
11103 
9450 
272 
11061 
7816 
3644 
2624 
4697 
8479 
9489 
7285 
533 
1945 
11166 
10744 
8972 
9146 
9312 
9395 
4843 
8617 
1065 
933 
2808 
764 
4359 
10264 
11593 
6846 
295 
8556 
6647 
3130 
1138 
11190 
12120 
3225 
885 
8363 
9016 
3958 
2554 
11371 
9054 
2557 
11113 
9578 
5202 
9415 
5008 
9688 
10936 
3304 
9836 
9223 
2117 
11951 
6640 
359 
1752 
3125 
914 
3713 
10981 
8215 
8914 
PATTERN: 21 
11580 
4232 
2809 
3558 
3238 
54 
1096 
7464 
7595 
10973 
3859 
8082 
2098 
9140 
5639 
11261 
377 
5228 
8002 
7575 
10968 
9599 
8594 
1083 
10836 
7422 
10374 
11564 
1007 
1916 
440 
9445 
4016 
6074 
8615 
11943 
5572 
7255 
808 
9728 
5573 
6314 
1412 
1719 
9404 
7628 
2077 
4084 
11625 
4899 
8305 
10235 
3980 
7538 
7323 
1399 
11908 
129 
12182 
8260 
8863 
4449 
10226 
4886 
12197 
3513 
3721 
8607 
11065 
3178 
3033 
11934 
10118 
11277 
6965 
4207 
6291 
5045 
3801 
4679 
1325 
11381 
6200 
6751 
6954 
10634 
11041 
1878 
6038 
11359 
12018 
9913 
1932 
10557 
2035 
10776 
11012 
7290 
2343 
4589 
8606 
10294 
10523 
9073 
4536 
8612 
11363 
4883 
10963 
4177 
9194 
4379 
3833 
3970 
8823 
11770 
6375 
9656 
3796 
8420 
3408 
2592 
1483 
12147 
8201 
4579 
7684 
5696 
PATTERN: 22 
11726 
5204 
899 
98 
5067 
4496 
3430 
2410 
4527 
1158 
4835 
5877 
12184 
8425 
10160 
7381 
10729 
1159 
3005 
156 
7036 
1126 
9987 
409 
2353 
7446 
11972 
7335 
8559 
7155 
1113 
6238 
4965 
5448 
2051 
12124 
7529 
4300 
9062 
3812 
9369 
12186 
5868 
6380 
2022 
1132 
11379 
6841 
3426 
10316 
726 
2542 
10613 
12144 
9658 
4868 
11403 
12249 
1496 
8375 
7913 
5767 
9152 
4541 
11518 
264 
10854 
5916 
507 
5113 
1873 
1028 
8042 
1508 
8627 
9337 
272 
7868 
1075 
6893 
3733 
3646 
6774 
10649 
8970 
8820 
7050 
133 
4640 
9092 
7124 
3404 
3463 
9236 
3249 
6386 
8427 
10759 
3791 
8972 
6823 
6059 
9906 
11464 
9861 
6031 
2849 
11768 
1605 
1915 
6530 
7518 
9099 
1041 
6060 
4569 
7109 
9408 
2768 
7052 
7963 
277 
8063 
10386 
3020 
11182 
3448 
10525 
PATTERN: 23 
11106 
9369 
5957 
2348 
8906 
762 
3659 
5921 
7369 
4732 
2526 
456 
12258 
907 
6179 
1978 
7913 
9928 
2675 
11569 
4352 
7468 
6629 
5528 
2667 
10035 
6707 
12259 
2987 
4852 
7647 
5382 
3831 
11954 
3107 
7010 
10854 
6747 
11620 
12189 
5816 
9225 
3106 
9580 
7281 
1497 
186 
2007 
2691 
5756 
844 
10864 
869 
11061 
872 
58 
6103 
10388 
5330 
11172 
11899 
9961 
2389 
4539 
10026 
8722 
7086 
6266 
913 
3383 
7635 
10118 
591 
11138 
7196 
7386 
1139 
9000 
12070 
6604 
10772 
11675 
9225 
2549 
1577 
3403 
3860 
3283 
6702 
994 
8011 
8766 
1513 
820 
2444 
5807 
394 
3809 
9964 
12232 
7369 
6392 
10868 
3240 
9331 
9410 
4820 
10316 
4313 
1485 
10447 
10851 
7496 
4036 
1327 
6305 
1637 
4166 
7019 
3287 
2989 
7933 
7993 
5942 
9430 
8108 
1882 
8986 
PATTERN: 24 
4628 
7842 
3630 
5280 
247 
10234 
1598 
6598 
7168 
3437 
11046 
2008 
3337 
969 
338 
3983 
5813 
6678 
6400 
5973 
3465 
5021 
824 
2804 
5299 
5011 
5587 
3540 
1564 
933 
10983 
11219 
12200 
4813 
828 
6264 
5531 
11593 
6408 
11280 
4150 
2597 
456 
6716 
6379 
11777 
4899 
10209 
4737 
4342 
10193 
2853 
7536 
2635 
3637 
4194 
5753 
513 
2126 
9601 
9543 
407 
4637 
179 
10850 
7176 
8987 
8032 
5646 
5134 
5053 
3357 
333 
4636 
7688 
3070 
10265 
1641 
3757 
4218 
5173 
9405 
5769 
6800 
4158 
8964 
2493 
5136 
8290 
5178 
9782 
11157 
4491 
694 
7285 
4073 
7994 
2883 
5298 
4646 
5548 
2804 
11060 
2147 
10163 
8803 
9248 
7534 
2276 
3753 
5783 
9577 
11550 
12168 
10159 
3551 
2680 
1231 
5130 
8407 
4225 
1871 
988 
3174 
7388 
8893 
11263 
713 
PATTERN: 25 
9076 
6255 
4108 
1251 
11103 
3580 
10277 
9832 
1289 
49 
9065 
7828 
1270 
6134 
10042 
3770 
1461 
4039 
5484 
10823 
4952 
11267 
10572 
9509 
1679 
3370 
8011 
12042 
10668 
8600 
10917 
5492 
2280 
7664 
12256 
9708 
6226 
4831 
894 
7930 
7619 
2947 
4457 
4372 
11548 
2951 
2050 
1410 
1193 
1718 
3895 
4159 
498 
2010 
6517 
11183 
678 
3593 
3913 
11611 
12115 
7675 
7704 
6736 
8284 
9953 
6540 
8537 
4229 
2966 
5893 
6352 
11232 
4987 
7807 
5654 
8183 
1200 
10854 
1708 
7616 
11544 
11042 
1738 
11714 
6050 
7986 
4922 
10066 
8147 
7385 
6519 
445 
9063 
1703 
11444 
8485 
2283 
2115 
10068 
1266 
7228 
11965 
10311 
10941 
6889 
4383 
4994 
1640 
7529 
2665 
1225 
9965 
7118 
9255 
1946 
6876 
2252 
6515 
3521 
7955 
6773 
5523 
8231 
7665 
10451 
2927 
10579 
PATTERN: 26 
8843 
6109 
11734 
7996 
28 
10011 
9915 
7047 
2237 
7647 
5787 
11528 
12024 
3590 
6882 
11321 
9017 
8280 
4556 
639 
4389 
1964 
7643 
10558 
5190 
12013 
7619 
1181 
9941 
5419 
6677 
5302 
3492 
11617 
10888 
3859 
6485 
2041 
3498 
6072 
9792 
8416 
7008 
682 
2567 
1648 
7736 
5113 
9444 
1104 
4872 
618 
10991 
2754 
6295 
7633 
6860 
299 
2614 
2704 
1120 
8341 
7050 
7444 
6107 
396 
6348 
4034 
11698 
5150 
8768 
11212 
1150 
11644 
6714 
5807 
224 
4817 
9079 
6211 
4770 
9516 
9726 
3122 
2182 
9450 
297 
10103 
1568 
950 
1336 
9445 
8330 
3717 
8834 
2770 
11279 
5744 
10194 
11882 
6974 
5046 
7525 
11 
10941 
2297 
1359 
10270 
9813 
12183 
4538 
2477 
2542 
5112 
113 
2219 
7563 
6950 
6284 
3812 
9725 
603 
2736 
6553 
1896 
454 
2614 
93 
PATTERN: 27 
5159 
9655 
7958 
6433 
9347 
11781 
674 
5722 
3492 
5141 
2682 
9200 
11712 
7748 
5150 
6982 
6881 
9680 
8194 
9930 
4165 
12132 
1 
6279 
334 
8749 
7099 
2186 
6134 
9070 
7501 
5361 
8087 
9360 
5245 
7840 
4164 
2588 
10888 
1800 
7788 
2940 
8921 
4629 
11052 
3331 
2640 
260 
10206 
3799 
9109 
8115 
12171 
2853 
11817 
3050 
2484 
1301 
2306 
3150 
2016 
8553 
1405 
10261 
10429 
8785 
5308 
8529 
3076 
5461 
11668 
6660 
441 
8595 
9268 
2972 
6448 
579 
2441 
2849 
5289 
3255 
10060 
2863 
10126 
2995 
2086 
4230 
11266 
9092 
4739 
5025 
7079 
7841 
3945 
2093 
1165 
7135 
1126 
426 
2300 
9560 
10203 
10474 
8388 
10703 
8451 
8105 
3057 
7244 
5815 
6070 
2161 
799 
1122 
705 
3304 
9853 
3461 
6789 
450 
5939 
7556 
1341 
3872 
7539 
4769 
7721 
PATTERN: 28 
10251 
9985 
2693 
1548 
3984 
5148 
4069 
1421 
4265 
11613 
9485 
2255 
12063 
1679 
7380 
7086 
7326 
2951 
10415 
7798 
5303 
3188 
6464 
10672 
11104 
9857 
8334 
392 
11816 
11933 
2536 
4685 
4777 
392 
3816 
8552 
6214 
5890 
6896 
1879 
10838 
10580 
4142 
6636 
11493 
5214 
10809 
882 
9290 
9573 
11862 
3930 
5565 
4631 
5747 
5120 
3339 
6393 
50 
4731 
11467 
2450 
6442 
6302 
1817 
7070 
8108 
10690 
5404 
374 
7296 
4169 
10246 
4560 
7784 
5674 
6585 
11146 
10465 
838 
1153 
10877 
7366 
1830 
11507 
5557 
7294 
6197 
5522 
7938 
653 
2546 
5085 
6966 
7072 
5100 
7312 
1126 
4828 
9880 
4902 
1661 
1395 
2732 
10298 
10443 
1469 
4437 
6433 
1853 
11494 
2077 
4759 
2087 
11047 
5836 
7073 
8296 
1799 
9561 
11731 
8486 
7370 
11575 
395 
10305 
732 
2742 
PATTERN: 29 
4845 
10651 
11259 
7966 
4356 
2941 
983 
5261 
3236 
3678 
10818 
3718 
8240 
4694 
10351 
7725 
8089 
8640 
6644 
11992 
2701 
11485 
1060 
2115 
347 
9506 
4700 
3668 
2952 
2343 
10227 
187 
312 
3427 
4943 
9870 
8247 
6778 
10022 
117 
7929 
5317 
11751 
66 
4662 
5618 
8902 
5905 
895 
1682 
11513 
1961 
5057 
4674 
10195 
2133 
4083 
6015 
1527 
9358 
4923 
8960 
640 
5689 
3845 
8076 
3752 
3689 
59 
1407 
8026 
10002 
3239 
3070 
9095 
10716 
989 
4236 
10482 
3834 
7449 
12202 
6228 
1862 
10197 
4688 
9894 
2808 
11296 
11670 
5288 
524 
3340 
1515 
7485 
8975 
1 
1542 
7488 
8628 
7995 
7734 
8126 
8718 
11104 
5983 
2072 
9842 
8810 
1056 
8929 
11842 
4444 
10739 
2434 
2129 
5315 
7171 
6344 
7470 
4888 
2646 
6622 
5725 
5206 
9662 
7832 
1669 
PATTERN: 30 
6302 
4576 
9832 
1145 
465 
7262 
6584 
11917 
9344 
9591 
2169 
3750 
8612 
8596 
4986 
11773 
1924 
6468 
11751 
1339 
5692 
7832 
4394 
10003 
1885 
7266 
3568 
8190 
8346 
629 
2553 
6941 
10695 
3852 
8815 
9178 
9948 
10456 
9765 
5191 
326 
11984 
10940 
1157 
6355 
11102 
9931 
5371 
8822 
10532 
6763 
5005 
2572 
3963 
4754 
8199 
9871 
6181 
10165 
10633 
10129 
6794 
9577 
10169 
5119 
11865 
8920 
2143 
918 
9538 
11176 
2831 
9704 
1155 
6199 
4199 
11370 
3338 
8583 
2701 
1224 
1547 
2491 
11587 
242 
2976 
4482 
6591 
2645 
6673 
8710 
6230 
9650 
5592 
5063 
3242 
7035 
7859 
3407 
11273 
11966 
10862 
9371 
5190 
5081 
4981 
1844 
9630 
11300 
4284 
10509 
10063 
4863 
11162 
1970 
1396 
6048 
5524 
7156 
6233 
8684 
11423 
9899 
10205 
908 
596 
10171 
4360 
PATTERN: 31 
4312 
5041 
12068 
3238 
5040 
5863 
6441 
6461 
3631 
5930 
4106 
10979 
3298 
11840 
3566 
3085 
9179 
7480 
3943 
1717 
4857 
7844 
10014 
4996 
10618 
11259 
189 
8541 
11559 
7783 
476 
7578 
3663 
4686 
3627 
9352 
3258 
519 
5847 
4935 
898 
8611 
6625 
2174 
11617 
9258 
2919 
5192 
3150 
3614 
2712 
656 
9470 
2238 
1983 
7786 
874 
5186 
4632 
1233 
9566 
3996 
10140 
6893 
3325 
3193 
4436 
6174 
6180 
1041 
10314 
9680 
11461 
8767 
10965 
1102 
2977 
1695 
4023 
2157 
5409 
7436 
1576 
3660 
7003 
756 
859 
3518 
10629 
181 
9764 
6116 
5039 
5495 
2208 
8098 
2623 
9417 
3592 
7216 
1295 
4506 
7876 
6583 
2142 
3276 
5462 
9518 
4104 
5972 
10283 
1469 
11207 
4453 
7433 
10092 
7609 
2356 
9500 
10925 
3874 
4245 
513 
8424 
8345 
11337 
2381 
279 
PATTERN: 32 
3454 
10214 
11217 
6973 
7524 
2214 
1777 
1432 
8016 
3670 
6112 
4491 
5338 
11091 
3618 
10129 
1618 
11119 
5538 
4842 
723 
6434 
7610 
10575 
7975 
5144 
6763 
8562 
8913 
1680 
10267 
4144 
1499 
4988 
7455 
3849 
3950 
1663 
6731 
9716 
8160 
11845 
5166 
5613 
8599 
11035 
6403 
7169 
4173 
10318 
11119 
1929 
5912 
4650 
5383 
3494 
7690 
10226 
4751 
11262 
6010 
11691 
8444 
4113 
1839 
2129 
5175 
302 
7425 
8704 
2496 
5241 
2941 
9695 
6425 
8739 
12233 
166 
7387 
3352 
11760 
10831 
3509 
4359 
10177 
8916 
11952 
438 
953 
5500 
10231 
582 
4035 
8641 
757 
8633 
5288 
7320 
3504 
4900 
7562 
4369 
4902 
1596 
10180 
3505 
7977 
5217 
11107 
11207 
1283 
3041 
4834 
6397 
8931 
3834 
2202 
9620 
1698 
7205 
10018 
12176 
3577 
10348 
3590 
9911 
5953 
6467 
PATTERN: 33 
2465 
10793 
12277 
4136 
9845 
689 
11110 
6896 
11049 
3316 
6714 
6023 
12210 
5369 
6599 
1435 
7380 
10098 
9511 
2876 
5821 
6624 
2410 
4439 
5068 
8252 
1423 
5328 
7003 
8888 
10248 
4690 
4334 
2974 
2978 
6004 
2309 
9250 
784 
3587 
6165 
3188 
11508 
365 
6755 
5386 
7451 
12083 
11103 
8739 
697 
10463 
11371 
1597 
1613 
2205 
488 
5032 
10847 
3253 
1594 
3467 
3210 
5787 
2356 
623 
10264 
4641 
5946 
6812 
4454 
8253 
661 
6561 
5658 
9219 
6199 
9993 
9076 
7474 
7833 
11584 
2080 
11190 
40 
7250 
12101 
8838 
10418 
1898 
8639 
4701 
2808 
4066 
6958 
513 
7735 
8771 
163 
6873 
1086 
8901 
7561 
7134 
11014 
6314 
8819 
9254 
11995 
7142 
10966 
6434 
2171 
3989 
8827 
7529 
11238 
4943 
10486 
3807 
12035 
6000 
9766 
10274 
3510 
9584 
11676 
11839 
PATTERN: 34 
12093 
1923 
1748 
9401 
11093 
3614 
7793 
4862 
1480 
2777 
5263 
2646 
7460 
8206 
82 
6326 
402 
10349 
5779 
8751 
474 
3914 
2274 
5744 
2814 
8971 
3166 
2606 
5951 
12029 
7428 
7887 
3957 
3356 
265 
5883 
7815 
5318 
9606 
3476 
11666 
5504 
9354 
11605 
7758 
1219 
9807 
6171 
2069 
11731 
11746 
8764 
6426 
12025 
7123 
10104 
253 
8336 
11171 
8247 
11712 
2640 
2860 
10582 
9013 
3807 
366 
1407 
10790 
5114 
2623 
12064 
2404 
4484 
6623 
5136 
9760 
2320 
5093 
8909 
9378 
1864 
1143 
8362 
8228 
8274 
5172 
4833 
2683 
507 
9807 
2907 
5239 
5368 
8306 
12180 
6430 
11284 
8543 
8174 
3448 
4309 
2274 
9393 
2938 
7570 
8247 
11986 
5049 
9829 
3614 
384 
6073 
6817 
7914 
9167 
971 
9956 
4790 
7642 
1370 
10010 
5238 
1343 
7607 
7927 
11599 
10790 
PATTERN: 35 
7589 
7668 
6112 
922 
2874 
6218 
9681 
10631 
8898 
11297 
7680 
6577 
218 
6502 
2040 
5725 
7429 
3944 
3129 
4028 
8623 
1538 
6592 
8527 
4695 
6400 
3670 
3714 
1965 
8963 
4664 
4825 
12209 
11758 
850 
5929 
6728 
5888 
4265 
1293 
8866 
4400 
3217 
3288 
5617 
6062 
3156 
2324 
9406 
8615 
7141 
4131 
4642 
1015 
8749 
3946 
1415 
4037 
2251 
10982 
8828 
1081 
37 
3180 
2500 
11632 
11026 
4742 
4931 
3455 
11403 
8158 
6264 
2908 
1224 
10648 
1466 
168 
6484 
7674 
11457 
10625 
7225 
9712 
4653 
8154 
3441 
7885 
5178 
11889 
8794 
4582 
2480 
11230 
9787 
11878 
5177 
7588 
7541 
9944 
10193 
4804 
940 
8108 
2887 
8075 
2669 
11850 
10572 
11091 
12090 
6976 
9595 
1417 
2607 
8147 
6788 
10343 
4505 
268 
5094 
3597 
10782 
4837 
2273 
7608 
8681 
8944 
PATTERN: 36 
8345 
909 
10564 
9748 
4712 
11346 
5226 
5028 
105 
11808 
9252 
530 
9366 
8849 
9022 
99 
5763 
7996 
5525 
3289 
6753 
4075 
802 
3428 
10454 
6704 
7522 
9929 
6988 
10372 
7406 
6639 
9068 
5412 
11120 
491 
5023 
8696 
6858 
11388 
12238 
11478 
3481 
3228 
10159 
7568 
11731 
6183 
7800 
3906 
8673 
3511 
2542 
6619 
3425 
7920 
1798 
9559 
1973 
8587 
8758 
287 
1438 
5712 
8710 
5213 
5243 
1744 
2974 
500 
7605 
3586 
1965 
9193 
7759 
2961 
891 
9994 
2919 
4360 
9383 
9524 
6720 
6555 
1203 
11971 
6832 
380 
6445 
8376 
6965 
2116 
1003 
11923 
8784 
2308 
6815 
836 
7406 
4183 
4721 
8471 
6859 
11734 
6300 
4624 
10698 
10794 
11688 
157 
12000 
11893 
11742 
8686 
55 
3290 
11760 
7673 
1224 
12251 
8985 
6232 
110 
8054 
9429 
6034 
3697 
1384 
PATTERN: 37 
4887 
3125 
3671 
3061 
7534 
5529 
8630 
1463 
8117 
11572 
9662 
8945 
11382 
521 
3721 
32 
3696 
7123 
9200 
6565 
10487 
3273 
3090 
7354 
11878 
3598 
3378 
10755 
3929 
2544 
610 
10050 
6298 
7194 
2861 
8024 
4597 
1155 
6984 
1569 
5662 
821 
11385 
809 
8684 
788 
6342 
3507 
1161 
11073 
8540 
1943 
493 
9823 
7902 
264 
8128 
311 
2349 
8938 
1543 
6719 
4687 
11916 
10700 
8469 
3778 
5535 
5889 
3109 
9731 
674 
5195 
8763 
6993 
7960 
1723 
3603 
10342 
11741 
4867 
10224 
11849 
1960 
3518 
568 
7275 
4905 
5532 
2758 
2796 
10366 
10384 
3476 
5042 
2858 
5448 
2214 
1313 
2950 
8221 
1516 
1194 
3767 
9299 
5391 
7197 
7014 
1615 
9496 
454 
3966 
5554 
105 
7901 
7957 
8859 
2530 
6878 
10684 
4318 
6055 
901 
3335 
560 
328 
7889 
12025 
PATTERN: 38 
2059 
8582 
9760 
10843 
11611 
9966 
1009 
1292 
4925 
11140 
10083 
3760 
3542 
7693 
1632 
9810 
6224 
5380 
11834 
6121 
4820 
4563 
9600 
245 
8021 
9136 
7431 
5276 
2450 
2089 
582 
10608 
6980 
455 
2663 
10858 
2532 
1111 
10752 
671 
3000 
1664 
9410 
4674 
9696 
9968 
7562 
3563 
11119 
10458 
9919 
6286 
2630 
6219 
5004 
11821 
10085 
8069 
209 
687 
8870 
5049 
9738 
517 
11845 
5093 
6134 
3319 
11958 
11373 
1474 
6555 
2880 
3075 
2381 
7982 
4447 
920 
2268 
4586 
6994 
6363 
263 
6306 
4355 
11825 
8530 
3742 
7431 
10943 
3378 
3096 
3949 
10775 
11754 
2647 
12257 
7782 
2451 
1512 
187 
2781 
9109 
7331 
4571 
10396 
3359 
2943 
10469 
3651 
2430 
7434 
8438 
5543 
5176 
2465 
2337 
7556 
1283 
7275 
9241 
4429 
3456 
8504 
4143 
11628 
11900 
9331 
PATTERN: 39 
3027 
10879 
9154 
7600 
11949 
2543 
7437 
1972 
11842 
6467 
1428 
10105 
4460 
4490 
709 
5958 
1753 
861 
10551 
4257 
2030 
10452 
2508 
4859 
4694 
5151 
7945 
5359 
2376 
7455 
1406 
8307 
8124 
6015 
12041 
9660 
7397 
10774 
6720 
3227 
3528 
3360 
4752 
10910 
11042 
9184 
11677 
942 
7993 
2343 
8349 
11677 
6080 
3461 
12049 
682 
9985 
6676 
3578 
998 
6214 
10503 
6216 
6818 
2419 
10727 
5486 
2739 
5466 
5402 
3323 
7095 
5326 
867 
7070 
5367 
1914 
11745 
10422 
10276 
5915 
1588 
3423 
12200 
6125 
2515 
10294 
10774 
8612 
4958 
7211 
9571 
1037 
5771 
876 
3073 
8436 
4896 
7090 
4238 
2317 
4876 
6136 
7131 
7334 
1205 
5673 
8855 
6682 
11690 
5633 
11664 
11231 
10657 
9174 
7990 
4558 
318 
7034 
2250 
10635 
6976 
169 
11117 
4420 
1916 
3398 
10668 
PATTERN: 40 
1772 
62 
4370 
3346 
3897 
6020 
11100 
9011 
6478 
394 
4752 
1085 
9352 
2432 
8860 
10315 
6539 
965 
2638 
5346 
6675 
5389 
4872 
11993 
394 
11946 
2029 
5555 
11504 
8069 
1896 
11609 
3311 
8644 
11389 
7184 
2678 
6411 
11210 
11365 
5360 
12145 
7277 
5830 
1619 
2765 
3906 
3910 
4766 
9844 
8530 
12235 
9360 
7087 
1027 
3839 
2764 
9508 
12192 
5549 
8992 
6613 
10086 
12146 
1766 
3979 
8226 
3653 
5033 
9989 
2766 
7971 
11470 
7628 
3557 
9272 
39 
185 
11799 
9243 
3167 
12239 
4352 
4902 
1049 
12032 
6163 
5859 
11939 
10687 
1577 
10224 
7030 
6261 
2458 
4058 
8456 
11548 
6168 
8916 
9736 
9379 
11338 
867 
527 
552 
11995 
11319 
61 
6264 
1150 
5356 
7846 
178 
1383 
5878 
4336 
6628 
7240 
2858 
5885 
11441 
4431 
42 
476 
6448 
6293 
721 
PATTERN: 41 
724 
2690 
9571 
9863 
3320 
7392 
9414 
2343 
11353 
10170 
6439 
11940 
94 
3478 
4811 
7999 
5253 
11 
12153 
4688 
5254 
8617 
1255 
2651 
6626 
12087 
7320 
5175 
113 
2476 
11371 
749 
4919 
1457 
10776 
3724 
11214 
6910 
6496 
7879 
3789 
10161 
8930 
6276 
9646 
1591 
4942 
10610 
6065 
2145 
2607 
1633 
8763 
7817 
8471 
7803 
10558 
12108 
6872 
7677 
8926 
7788 
3835 
6005 
4120 
8968 
5117 
647 
4899 
8656 
11613 
3007 
4523 
9084 
9389 
5640 
10409 
6923 
6227 
3213 
4378 
5872 
8625 
10923 
3863 
1700 
3211 
9989 
7469 
4453 
2252 
678 
12280 
5739 
10786 
8588 
10521 
5157 
10400 
7339 
8675 
11397 
2208 
11189 
8282 
2190 
5747 
10843 
3138 
1644 
614 
5328 
3974 
8917 
9998 
10186 
2822 
6863 
104 
4353 
495 
6199 
4951 
640 
11 
8027 
10745 
7306 
PATTERN: 42 
11429 
6369 
5324 
3021 
11010 
10272 
4427 
3452 
2286 
2831 
2915 
1913 
45 
7444 
6267 
6531 
1132 
2110 
4737 
11502 
9716 
2085 
10963 
5192 
8835 
3345 
1219 
8468 
10070 
3041 
492 
11338 
7732 
6270 
3668 
3921 
117 
3283 
9539 
4633 
8475 
2132 
10849 
10233 
4392 
9367 
11904 
8640 
11142 
10685 
12219 
5143 
2125 
4658 
7213 
7454 
11752 
2335 
8148 
6689 
4522 
12131 
89 
5046 
11571 
5644 
2854 
4105 
8119 
7368 
5453 
6459 
4764 
10111 
9886 
6778 
9686 
9260 
2538 
12259 
915 
1141 
8223 
8761 
6732 
7681 
5577 
74 
10140 
6029 
12128 
3292 
4954 
9961 
7179 
374 
10340 
11752 
10227 
10521 
10672 
4184 
8627 
1538 
6448 
6264 
2331 
7152 
8715 
2821 
5248 
651 
3847 
9918 
974 
1036 
3001 
2998 
11297 
7970 
9383 
7494 
6688 
6593 
10547 
9569 
7508 
12154 
PATTERN: 43 
2827 
8498 
8597 
1871 
1970 
7740 
3415 
5594 
11790 
11275 
2202 
5272 
262 
4883 
4362 
4486 
10938 
8133 
4336 
1639 
7518 
9133 
407 
8193 
2658 
10027 
2204 
7760 
3666 
818 
5328 
88 
8998 
4819 
10690 
411 
10423 
6184 
5332 
6154 
10403 
6042 
4726 
4119 
2835 
2472 
2325 
2634 
10369 
7385 
1694 
7359 
1868 
7431 
2665 
4197 
2743 
3835 
7563 
4325 
6126 
9781 
9831 
1423 
1844 
9911 
2622 
8904 
5159 
6694 
9042 
11219 
11809 
5313 
12069 
11814 
5996 
1401 
6080 
1924 
7828 
2704 
11614 
9265 
6949 
10532 
4511 
8665 
5700 
2379 
4046 
7442 
7735 
9776 
2266 
2945 
4852 
6736 
10916 
11479 
5022 
483 
9211 
3937 
12059 
9994 
3648 
1163 
663 
5494 
3252 
5808 
791 
1469 
2155 
5376 
716 
2416 
11731 
6997 
2692 
5811 
5509 
11720 
1549 
7773 
1031 
3308 
PATTERN: 44 
9105 
5877 
12089 
4459 
10466 
1059 
8359 
7337 
6702 
8794 
1581 
8531 
8459 
10103 
3494 
9903 
2072 
9679 
8512 
10129 
8179 
7290 
1039 
12192 
10221 
9350 
8934 
5633 
9679 
3996 
6350 
9154 
10059 
4171 
5810 
5856 
9388 
7672 
11146 
8670 
1299 
10444 
1981 
10303 
11470 
2974 
3257 
10762 
5906 
9547 
7519 
7263 
7689 
5948 
9603 
3230 
2609 
7975 
255 
6910 
10001 
991 
244 
6765 
12280 
7332 
4234 
11538 
5255 
5206 
8690 
8299 
6778 
2251 
10510 
8176 
188 
3343 
5348 
10699 
7400 
1357 
2843 
7213 
6643 
3933 
5315 
9242 
7107 
9596 
9515 
4864 
1397 
6364 
53 
8787 
5561 
7302 
1464 
6634 
3038 
1118 
10833 
2037 
4528 
2520 
2522 
6682 
737 
11674 
7455 
7157 
6965 
1146 
6712 
6901 
11579 
3977 
8576 
11881 
9663 
6779 
7333 
7330 
1073 
9287 
5377 
2379 
PATTERN: 45 
4902 
3888 
2154 
6052 
4769 
8195 
4145 
5191 
7326 
9912 
1719 
8225 
11697 
2251 
9727 
11002 
11160 
5137 
8537 
2178 
11783 
10430 
11180 
2389 
7857 
4666 
1633 
766 
4436 
9485 
9000 
9484 
936 
1918 
5330 
8654 
8639 
10089 
10224 
4564 
5078 
10190 
7355 
9933 
7542 
11163 
8733 
12217 
2412 
1485 
4616 
6121 
6830 
5869 
6766 
7812 
7945 
4747 
2826 
10987 
1115 
9728 
12284 
12184 
10557 
11970 
9544 
6581 
2660 
11874 
1324 
165 
463 
2289 
7996 
5123 
11964 
5787 
9051 
9959 
8863 
3066 
4646 
6779 
6365 
6743 
1718 
9698 
9276 
3769 
2647 
4324 
4662 
3608 
11467 
9476 
3981 
4109 
493 
9375 
8384 
434 
6518 
7755 
7010 
7786 
4527 
11269 
5472 
4518 
9990 
11182 
6875 
3334 
7281 
11713 
8297 
8284 
1149 
8963 
10537 
5251 
2295 
5374 
7399 
5530 
11064 
706 
PATTERN: 46 
5955 
5367 
8440 
2666 
11303 
5975 
1240 
2068 
2929 
4452 
9559 
11640 
5716 
8373 
9784 
3605 
6684 
5427 
2067 
12172 
2847 
6415 
10301 
8606 
7011 
1931 
11744 
3390 
1072 
2292 
8785 
7969 
247 
11453 
8024 
9151 
4412 
10722 
1789 
1394 
6899 
7303 
2582 
4056 
10608 
1801 
11624 
1071 
7596 
6027 
2262 
2939 
5690 
2036 
11949 
5733 
4706 
7204 
738 
3943 
8011 
7923 
8116 
3793 
11346 
7783 
9443 
2001 
8246 
6826 
10413 
5358 
4889 
7446 
5603 
1425 
10995 
7015 
6539 
3742 
4014 
7695 
734 
2483 
10980 
2791 
2887 
10329 
11798 
1787 
6122 
11953 
6999 
10973 
5605 
9922 
188 
5107 
10062 
3044 
219 
1069 
6268 
5559 
12007 
7149 
6959 
9189 
2649 
3007 
6273 
7738 
9016 
867 
7799 
2563 
9213 
2371 
2639 
2800 
1874 
5458 
2846 
12152 
1625 
6919 
11283 
789 
PATTERN: 47 
3688 
9431 
5708 
9180 
8116 
5333 
7690 
1981 
8763 
4603 
8581 
10014 
8645 
7771 
652 
11763 
5828 
1282 
3880 
5949 
1109 
8795 
4143 
11274 
4164 
6022 
248 
11521 
5159 
7497 
1645 
9106 
6187 
1255 
5522 
2799 
4576 
10124 
4379 
9439 
10638 
5282 
3764 
6551 
5120 
2590 
2662 
6530 
2303 
9556 
10735 
4268 
9627 
10795 
8917 
1011 
10060 
7136 
11721 
4210 
901 
2469 
5622 
1994 
2311 
11074 
309 
6735 
5295 
3868 
2403 
6083 
7016 
10596 
5550 
5310 
2406 
2056 
9987 
7942 
5304 
9877 
11569 
3428 
9763 
4322 
4309 
6450 
5679 
5794 
5808 
11779 
1416 
4708 
12288 
10726 
11235 
1375 
8979 
2776 
6137 
103 
9829 
7291 
10332 
4853 
2943 
5012 
2481 
9062 
6161 
8420 
10341 
192 
1343 
8225 
6554 
1594 
6025 
12202 
2485 
5100 
8725 
3448 
11807 
7391 
5523 
8747 
PATTERN: 48 
693 
6600 
1312 
9986 
7591 
5673 
116 
9556 
9430 
10072 
6597 
205 
2480 
9912 
254 
3815 
4680 
1318 
11441 
1044 
4247 
9669 
850 
2277 
3257 
7487 
567 
177 
998 
10405 
1683 
4786 
8381 
242 
3055 
194 
3652 
7503 
2414 
3875 
10839 
8669 
3659 
165 
10720 
211 
9049 
5489 
10517 
10812 
4906 
2127 
2278 
56 
3555 
6257 
3679 
8288 
12003 
8818 
10926 
102 
11802 
4419 
1543 
10376 
1293 
5998 
9720 
3298 
7732 
4763 
11165 
7584 
702 
4271 
3606 
998 
2212 
540 
3290 
7252 
7045 
6123 
6243 
3060 
8111 
1884 
948 
3598 
12111 
10886 
3847 
6602 
6149 
7665 
9840 
7099 
311 
12266 
4810 
841 
9645 
2912 
11996 
8659 
7046 
740 
47 
8931 
10134 
8088 
271 
6452 
12139 
3781 
2966 
11361 
5416 
10504 
2450 
10646 
10231 
8353 
972 
434 
11165 
1512 
PATTERN: 49 
2005 
2498 
11909 
1159 
1172 
756 
1025 
8396 
8342 
2978 
11283 
6239 
7688 
11987 
504 
3664 
5117 
5573 
24 
5623 
171 
10624 
7171 
4455 
7368 
10610 
884 
7290 
453 
12239 
5450 
11609 
11606 
10655 
8134 
4150 
7310 
2411 
3664 
1283 
3887 
12040 
1053 
4239 
1258 
6495 
4001 
10162 
4155 
11642 
6109 
1651 
3971 
7709 
10173 
3898 
12134 
10996 
11024 
9713 
3479 
5481 
7577 
11471 
7781 
6022 
12138 
3101 
12051 
6226 
9788 
9175 
11799 
3259 
11071 
10957 
7850 
5852 
7347 
6003 
5879 
2526 
3319 
2041 
2033 
311 
3714 
4716 
2753 
6776 
1734 
5604 
1832 
11926 
5662 
8233 
655 
5952 
8205 
5675 
6704 
8837 
7593 
8953 
2088 
3372 
6661 
11643 
2926 
3604 
4014 
3737 
9335 
2103 
6776 
3377 
2596 
6370 
3910 
8199 
2975 
10296 
9135 
6258 
247 
3399 
10115 
10245 
PATTERN: 50 
11171 
2083 
11167 
8786 
4535 
5178 
3922 
10382 
5664 
3451 
5367 
4720 
8674 
4995 
11160 
3392 
2732 
8768 
6304 
2347 
6152 
4942 
7713 
2335 
9823 
10834 
11404 
9369 
509 
8909 
11888 
3961 
1798 
4331 
4117 
10212 
8906 
5173 
8370 
6337 
9984 
4264 
8142 
4451 
5897 
6671 
11177 
1565 
5939 
4231 
4794 
10541 
7945 
3178 
9108 
5727 
7839 
11084 
5831 
4638 
4021 
7504 
11401 
346 
162 
11431 
11803 
4567 
5479 
9727 
1319 
2442 
3288 
3118 
944 
11993 
8228 
9364 
10569 
4309 
9816 
2947 
1422 
4658 
35 
85 
2174 
903 
6297 
10657 
3551 
3943 
4183 
1837 
9678 
7299 
2559 
3664 
11907 
3389 
8859 
5124 
4227 
3477 
8786 
11342 
9047 
4852 
3779 
4488 
5029 
3599 
8003 
1658 
9353 
9004 
10389 
9716 
5954 
8679 
992 
7791 
6831 
6297 
8806 
1253 
7122 
5413 
PATTERN: 51 
1923 
2861 
11596 
5384 
8763 
2245 
5487 
7404 
3758 
5849 
8522 
7424 
3316 
492 
9600 
8880 
106 
3332 
9361 
115 
7709 
5847 
1761 
624 
5010 
9078 
6258 
1595 
4226 
8175 
1116 
10333 
10797 
3853 
7182 
1806 
10950 
9937 
3924 
12112 
3686 
8557 
986 
10370 
9701 
8798 
1057 
9531 
10826 
4626 
3663 
4064 
8729 
1923 
8482 
6556 
8667 
8564 
7148 
5175 
1004 
11260 
7283 
9493 
4538 
8964 
9014 
6314 
5469 
9591 
1332 
9472 
1542 
10375 
972 
7732 
7732 
3446 
173 
8714 
10799 
5211 
6276 
8052 
2342 
1726 
5932 
4352 
7354 
6091 
4271 
10760 
7693 
169 
3181 
949 
6049 
8821 
4575 
9381 
9385 
11845 
8196 
2771 
6227 
4471 
5578 
4746 
7360 
332 
1025 
8544 
6328 
5308 
7565 
532 
764 
2431 
2369 
6401 
322 
8018 
9735 
11014 
11694 
571 
4197 
5468 
PATTERN: 52 
2335 
2177 
4213 
1762 
1705 
278 
10369 
2328 
11398 
7776 
4082 
110 
10416 
5627 
8458 
6304 
2807 
518 
8156 
7316 
832 
10030 
1985 
5917 
10096 
3776 
2191 
3292 
11831 
1929 
9673 
3160 
3682 
7881 
10447 
11111 
6212 
7965 
1088 
1752 
3666 
7159 
3712 
4026 
4640 
10140 
6824 
6090 
4491 
12089 
10502 
10696 
11498 
3741 
7580 
97 
2384 
6949 
10993 
2882 
105 
8674 
9395 
11341 
8677 
966 
5875 
1480 
2321 
3612 
6456 
490 
10663 
7363 
4468 
711 
8004 
10912 
11934 
9127 
10157 
3456 
1544 
2827 
2390 
9805 
7479 
4753 
4108 
10487 
5747 
9384 
8635 
5325 
1888 
1399 
6853 
9725 
11887 
382 
771 
1047 
12167 
9767 
9140 
6539 
11759 
984 
8539 
2607 
10732 
1130 
6417 
5575 
4682 
9493 
2999 
3443 
11359 
2344 
9382 
11552 
2231 
10356 
4475 
5612 
8083 
6064 
PATTERN: 53 
1884 
3549 
4463 
5738 
1793 
10719 
12000 
9902 
8915 
9502 
11395 
6608 
1700 
9556 
3225 
3678 
98 
4606 
2854 
8179 
2310 
5111 
9871 
4874 
4959 
825 
692 
1210 
168 
8518 
1957 
7050 
4300 
2590 
2609 
2926 
6911 
4876 
183 
4770 
3665 
4376 
7209 
11972 
804 
11901 
7374 
3301 
1006 
9838 
3604 
1399 
8957 
10540 
9455 
9305 
11455 
2609 
7137 
1582 
7685 
2186 
1173 
57 
6233 
5181 
12173 
2340 
11222 
1183 
5206 
819 
523 
4079 
322 
429 
3444 
5045 
7824 
4965 
11765 
11924 
10806 
1064 
10354 
4818 
10238 
8646 
986 
5658 
9322 
11333 
560 
3575 
7113 
9100 
1232 
9783 
2579 
2606 
7576 
10838 
11854 
7123 
7223 
3339 
2797 
3378 
3013 
297 
10480 
8105 
5705 
5113 
1807 
4752 
879 
11497 
6380 
10781 
638 
1842 
11210 
1987 
6229 
8473 
5947 
2120 
PATTERN: 54 
358 
3405 
8792 
3537 
6882 
7973 
2505 
4628 
8991 
3231 
1407 
4939 
11766 
9663 
3125 
7209 
10007 
5357 
2051 
11319 
5885 
4749 
12013 
9160 
5802 
4021 
2119 
3451 
5328 
10048 
5260 
9116 
803 
4764 
10696 
10301 
10960 
3213 
11494 
9477 
6461 
10423 
7003 
4806 
1463 
2436 
9139 
8329 
133 
2549 
5597 
6480 
6816 
1012 
1142 
1784 
3568 
3227 
9122 
2519 
11934 
1835 
1861 
1160 
5896 
7268 
12103 
6984 
1981 
7452 
10987 
2157 
11262 
205 
5337 
10380 
3701 
9609 
11930 
8238 
5851 
11216 
11027 
5916 
8517 
5704 
10137 
2335 
1996 
344 
8017 
9422 
1894 
2909 
9816 
9838 
7001 
1177 
9998 
2764 
6628 
1904 
8906 
336 
7135 
10382 
1442 
4814 
2177 
569 
6788 
11875 
369 
4863 
9775 
5821 
11253 
7444 
6726 
10473 
4357 
6391 
4594 
10936 
11873 
1581 
2789 
5185 
PATTERN: 55 
11322 
3104 
3954 
5828 
869 
9675 
7829 
10977 
3931 
1632 
9688 
3638 
4942 
8231 
6430 
2269 
6466 
6133 
7629 
8969 
1744 
7131 
1695 
6346 
7135 
10909 
5330 
6700 
8073 
6536 
2624 
11966 
8293 
6042 
1726 
3381 
4701 
10543 
2151 
9085 
10230 
5455 
7115 
5058 
10997 
4712 
3822 
10391 
6428 
398 
5654 
662 
3220 
8145 
9404 
1921 
7444 
149 
231 
505 
10259 
8573 
7902 
10889 
7913 
3889 
535 
1187 
4128 
4051 
7033 
960 
5914 
1720 
5505 
10652 
9093 
1789 
9010 
2947 
10693 
5026 
44 
8697 
8146 
6793 
931 
8608 
3217 
1205 
6096 
6262 
2765 
8900 
835 
1974 
11956 
3833 
5302 
3387 
2827 
4987 
7153 
5698 
4645 
4872 
11889 
2918 
3795 
6169 
1916 
11589 
6615 
7818 
9213 
3890 
10740 
1040 
1366 
11598 
8263 
5730 
4503 
7968 
9847 
1235 
4788 
9233 
PATTERN: 56 
3514 
4856 
3949 
6324 
8351 
8219 
5984 
8685 
2934 
10655 
9921 
4803 
10359 
9839 
3062 
2251 
2239 
6057 
2091 
9261 
3816 
3934 
583 
181 
6288 
9497 
9942 
1067 
10538 
9705 
9825 
5466 
1477 
8412 
2357 
3177 
10574 
7713 
3811 
1407 
2620 
1604 
5663 
2936 
863 
5289 
11978 
3589 
2063 
11075 
9569 
9464 
7671 
6071 
10603 
11437 
1258 
1140 
6320 
5984 
7605 
5896 
24 
372 
1487 
10922 
3743 
8188 
7889 
199 
11575 
9652 
6876 
1907 
487 
4693 
5203 
5065 
6470 
2095 
4325 
1369 
4698 
11084 
10279 
3794 
10964 
8281 
3711 
11697 
6082 
4459 
1612 
5285 
9194 
3018 
9431 
9171 
7399 
9484 
2184 
5408 
140 
12147 
9457 
1954 
7316 
1855 
5104 
140 
11832 
11296 
6659 
8294 
7392 
5209 
2340 
10877 
11737 
2373 
10194 
5429 
2403 
11201 
11989 
4057 
1914 
6675 
PATTERN: 57 
1584 
6315 
12128 
11499 
2825 
7210 
7106 
12268 
2003 
5276 
2423 
3074 
1583 
6598 
1163 
285 
10963 
3657 
2786 
11293 
11050 
6272 
8859 
1769 
5269 
4588 
10147 
8815 
3471 
12155 
6434 
1525 
10394 
1106 
755 
9784 
4531 
9562 
3961 
8940 
5718 
3822 
5319 
1614 
2882 
10263 
663 
5661 
5832 
4255 
7636 
521 
2651 
5963 
6980 
57 
1094 
10852 
3729 
10373 
10364 
1136 
10294 
4780 
774 
7052 
3372 
1174 
1879 
5073 
8192 
12022 
10921 
7825 
8543 
9332 
10280 
2762 
5117 
6923 
2636 
8462 
3995 
9031 
8107 
8862 
5859 
8771 
3973 
2113 
7932 
423 
11370 
3320 
5440 
8499 
4066 
2795 
11698 
2400 
8793 
1074 
11122 
4536 
1294 
5637 
4617 
5109 
11831 
519 
9250 
12054 
11536 
5155 
5632 
5737 
11698 
9868 
9299 
7605 
5000 
8702 
10612 
6719 
8523 
9145 
11114 
12110 
PATTERN: 58 
1013 
2826 
229 
6976 
2551 
4245 
1517 
5147 
10416 
9364 
8322 
5437 
10934 
3798 
6370 
6741 
8232 
5618 
7417 
10818 
4531 
4900 
8565 
1469 
269 
8084 
9423 
1047 
12161 
5514 
2515 
846 
8114 
9374 
8375 
753 
5215 
6288 
365 
2002 
10147 
10068 
7389 
12058 
9791 
5068 
6949 
4203 
9192 
11508 
2280 
7405 
2544 
5885 
4702 
338 
1289 
4026 
7117 
9781 
9834 
10785 
8858 
7399 
8871 
6968 
7980 
3269 
4529 
7123 
10896 
11083 
6435 
7254 
3937 
5522 
8853 
2730 
6981 
7021 
9003 
3192 
2632 
7455 
6756 
3741 
10424 
9350 
6059 
1800 
6153 
734 
1100 
10494 
2697 
88 
6342 
8576 
11711 
529 
10142 
2818 
2914 
2400 
4713 
1664 
4161 
6204 
9646 
2247 
7809 
1067 
4017 
11063 
10546 
867 
11900 
3165 
1395 
2212 
4596 
202 
4926 
8969 
4896 
294 
8981 
377 
PATTERN: 59 
1258 
4832 
8711 
11982 
3912 
2970 
6995 
5644 
2220 
1657 
7817 
2085 
2761 
7978 
8388 
7859 
1323 
1549 
8159 
5638 
7090 
7069 
7750 
57 
6921 
8161 
10903 
6792 
9632 
2317 
3357 
10677 
1826 
10631 
6028 
6585 
2845 
4748 
7590 
744 
5076 
6983 
7962 
4677 
3281 
3147 
3996 
9180 
2301 
4970 
1217 
2187 
3366 
9980 
8162 
6645 
9058 
9068 
7584 
10498 
11007 
7149 
9862 
7717 
4400 
6033 
2388 
8767 
11564 
222 
1932 
8931 
2745 
954 
8772 
10350 
2423 
1030 
1956 
7107 
11241 
706 
8777 
3313 
6132 
7710 
5773 
7581 
11284 
2122 
1726 
4573 
3829 
10840 
8814 
389 
2344 
955 
8098 
11504 
9568 
11590 
7741 
7215 
9547 
7241 
8654 
11163 
7570 
385 
5701 
10118 
5111 
3583 
2852 
2103 
8058 
10194 
5307 
4255 
9957 
9292 
11420 
7766 
1564 
5885 
9359 
4981 
PATTERN: 60 
1052 
5630 
3263 
3329 
7650 
11340 
3303 
8923 
6328 
8904 
6664 
623 
5080 
15 
11598 
2824 
11848 
10701 
11723 
8535 
11633 
11016 
10091 
9905 
3112 
6585 
4680 
4054 
8452 
945 
320 
2407 
8436 
5043 
9885 
5999 
749 
8927 
8891 
5392 
2108 
2091 
10937 
1396 
4340 
8743 
4065 
8204 
6696 
1630 
11754 
1525 
2065 
5205 
2452 
2740 
12143 
6172 
3341 
7678 
5804 
11914 
3605 
10296 
11995 
1827 
506 
4003 
11609 
2545 
7985 
6516 
2327 
2428 
5797 
5635 
7026 
4529 
10623 
8803 
7605 
10168 
5599 
7079 
6383 
11453 
7422 
9978 
6397 
1417 
4409 
6025 
2620 
758 
3266 
5801 
6397 
3353 
6945 
4838 
8791 
8227 
486 
541 
11779 
10694 
9465 
5658 
7247 
4739 
11417 
11850 
4066 
5249 
316 
9093 
346 
6356 
418 
10337 
6035 
6900 
2127 
9671 
10835 
2532 
4251 
1619 
PATTERN: 61 
1087 
10637 
6817 
10637 
4889 
958 
271 
11033 
6132 
10765 
5760 
3499 
2546 
10578 
12169 
11374 
3443 
3877 
7208 
1689 
4436 
2444 
4153 
7013 
9208 
1707 
11539 
11206 
12062 
1678 
1105 
10674 
79 
9772 
6975 
9215 
2553 
7669 
2448 
9215 
8976 
9774 
11349 
7017 
4569 
12141 
8942 
6852 
2297 
1774 
5365 
7523 
7930 
6178 
6552 
11067 
2232 
1378 
9615 
7383 
6584 
3063 
4603 
2995 
6332 
9162 
2081 
4011 
4515 
8150 
4476 
9702 
255 
5944 
11447 
11087 
10869 
4207 
10543 
11134 
8070 
1490 
11400 
9143 
11503 
6965 
8246 
8212 
8723 
2549 
5750 
11066 
5878 
4656 
1113 
4815 
11819 
1186 
11427 
4765 
7516 
6918 
11209 
7055 
10710 
9220 
10802 
965 
3985 
301 
1848 
10495 
10244 
5390 
10419 
6347 
7604 
7518 
8909 
6258 
12264 
10197 
3571 
910 
1587 
1939 
11737 
2909 
PATTERN: 62 
3204 
11412 
819 
9782 
11986 
2362 
8594 
8757 
8959 
11796 
8344 
8863 
10662 
7547 
6607 
2975 
8597 
9041 
4469 
853 
6631 
8401 
6069 
1489 
1083 
5724 
11939 
2805 
1386 
3649 
7016 
10666 
7972 
10124 
1837 
11728 
3529 
1172 
6863 
6455 
2401 
581 
4060 
10036 
3239 
2592 
10722 
9735 
2306 
6808 
8287 
11355 
11929 
10528 
1707 
4959 
7792 
6474 
10948 
9252 
4650 
1858 
6018 
1444 
8849 
9519 
7828 
4683 
4815 
7502 
6975 
4847 
9027 
1097 
2012 
10933 
5781 
10949 
9103 
2303 
4475 
9321 
5701 
11819 
9078 
10308 
313 
4306 
8989 
2296 
1207 
3400 
11811 
7626 
3519 
6104 
145 
275 
5036 
11860 
1446 
1057 
7264 
4082 
7572 
7188 
582 
635 
2304 
11571 
11579 
6815 
11649 
8348 
10338 
3581 
8807 
3843 
9986 
4442 
5701 
5780 
6319 
1988 
6743 
3199 
1612 
9334 
PATTERN: 63 
6372 
12145 
11748 
11594 
172 
62 
8971 
232 
7078 
1906 
1179 
10030 
9757 
11390 
6673 
1974 
2852 
11259 
9101 
3125 
10237 
7862 
1874 
8678 
6462 
2390 
5852 
1378 
3259 
6611 
4139 
3974 
7446 
8438 
7258 
12108 
2344 
9640 
9514 
2903 
1998 
2789 
319 
2288 
1954 
5852 
7001 
8475 
2843 
11420 
2191 
11005 
6976 
4349 
8453 
4286 
4985 
3527 
6217 
5305 
10502 
11662 
2070 
2567 
10673 
11279 
6877 
7300 
10162 
11574 
1714 
686 
8877 
7171 
11050 
5139 
6583 
8504 
5695 
2537 
7609 
9295 
9336 
9247 
1232 
2897 
2900 
8687 
10090 
4116 
1148 
11376 
6909 
9339 
412 
4478 
5547 
6300 
6523 
4240 
6968 
2408 
11977 
6517 
7418 
488 
9233 
842 
7560 
6136 
2812 
6821 
4362 
11517 
3154 
6113 
3127 
5450 
11654 
410 
5505 
8357 
5273 
7466 
8405 
2173 
846 
6100 
PATTERN: 64 
3193 
11636 
10351 
4628 
7296 
8084 
10151 
10765 
10277 
2648 
7736 
8548 
1442 
520 
3091 
3094 
6149 
10061 
878 
11182 
10529 
10020 
2275 
5599 
10719 
11226 
2134 
6826 
8790 
3392 
5779 
10989 
10705 
10067 
2112 
11965 
11241 
363 
2004 
4433 
4695 
9960 
573 
2672 
2176 
3294 
1974 
5026 
1283 
3438 
6385 
8784 
10966 
7761 
11845 
2875 
5202 
5740 
9045 
6085 
3816 
427 
6391 
270 
4529 
8540 
8153 
11954 
6762 
2257 
5624 
5390 
1855 
4348 
8313 
6054 
8676 
4450 
11924 
7547 
5177 
388 
6924 
11903 
4800 
2926 
9508 
2451 
1613 
8003 
2890 
5396 
10159 
4671 
3995 
4260 
6940 
1559 
10820 
5295 
63 
10258 
4489 
7620 
9588 
3601 
9575 
2799 
6298 
1738 
9277 
2116 
12005 
2839 
8975 
5120 
8426 
2632 
1377 
2166 
3361 
12018 
5523 
11970 
131 
8765 
7643 
5479 
PATTERN: 65 
9170 
2656 
10250 
10423 
11627 
12003 
1857 
3848 
5116 
10858 
6470 
10728 
5103 
3555 
409 
2000 
5425 
6135 
12138 
9187 
4303 
2646 
447 
7564 
9556 
7678 
9589 
8493 
451 
7306 
6820 
501 
6738 
2127 
6593 
1851 
9001 
11430 
6047 
3910 
64 
6496 
10793 
2689 
5620 
1543 
3889 
914 
2105 
1116 
5615 
4986 
7280 
5553 
7597 
10334 
8744 
9737 
7284 
1363 
5717 
8447 
10241 
8276 
870 
6319 
4490 
5089 
8031 
11064 
1824 
7608 
3902 
9518 
9108 
2424 
2877 
408 
10453 
10885 
912 
10627 
6008 
5506 
10045 
1027 
10871 
11122 
9365 
6156 
6799 
6302 
10559 
4319 
11938 
9386 
10364 
4522 
3774 
7570 
8516 
10727 
1567 
2690 
7082 
11899 
10823 
4905 
9166 
10058 
10851 
10070 
5617 
2975 
1591 
12166 
12044 
38 
5132 
5067 
3954 
9389 
1040 
12288 
6683 
11691 
6110 
11955 
PATTERN: 66 
6509 
5215 
9350 
11661 
8588 
3527 
3828 
2797 
11421 
6686 
2952 
3460 
8721 
7795 
10216 
9978 
535 
3618 
5066 
12288 
3955 
9469 
4802 
3607 
714 
5835 
8827 
1866 
2477 
1744 
3800 
6968 
5468 
10156 
7427 
11689 
8889 
2552 
1277 
3142 
2522 
5653 
7113 
7028 
4935 
10946 
4873 
4236 
2863 
5069 
3934 
2967 
6679 
1577 
9542 
886 
11256 
4788 
5530 
9700 
6456 
7517 
11789 
4865 
2277 
11468 
5031 
5698 
6606 
4532 
11860 
754 
7187 
3746 
8959 
129 
448 
4932 
2797 
6690 
8720 
9654 
376 
11498 
5880 
7389 
6272 
2142 
893 
5109 
8991 
2656 
2674 
3772 
3315 
6570 
11035 
4883 
341 
12038 
2726 
9849 
1534 
10064 
4098 
7382 
2383 
6569 
3725 
300 
5231 
2468 
10964 
3107 
9169 
8560 
4592 
12096 
297 
2140 
8514 
8088 
577 
3119 
386 
7855 
4883 
6734 
PATTERN: 67 
515 
1304 
3072 
4433 
10614 
7919 
8403 
6078 
8990 
3520 
12245 
6023 
3584 
1411 
2298 
10090 
2784 
3187 
3848 
2781 
51 
3738 
5261 
2390 
3706 
1612 
11366 
10023 
9996 
2275 
5263 
4349 
7922 
7038 
3313 
7290 
4583 
5058 
8588 
3668 
185 
6399 
853 
8203 
1530 
7795 
4866 
10908 
903 
7078 
11081 
3590 
937 
162 
2253 
10077 
5474 
9556 
10545 
10253 
9581 
2341 
10380 
4608 
5612 
9385 
3913 
3450 
6775 
88 
5398 
874 
5578 
5722 
7974 
2132 
5193 
5124 
11006 
2083 
11112 
1008 
4133 
3618 
7271 
9491 
12047 
11983 
1321 
9087 
10613 
6976 
5362 
1788 
721 
1326 
2358 
3478 
4728 
6535 
3184 
261 
6692 
11199 
367 
4148 
4350 
1175 
11625 
1608 
2085 
3541 
5259 
4097 
9942 
1520 
6484 
4657 
782 
1447 
7595 
10194 
11821 
12113 
6591 
1589 
12191 
8674 
PATTERN: 68 
9048 
8262 
4269 
5962 
4970 
6706 
10161 
2874 
8697 
6071 
5992 
8600 
4682 
7163 
3268 
6646 
9232 
3175 
4900 
10382 
6512 
2921 
6912 
5317 
2934 
2028 
10872 
1308 
10928 
9480 
10941 
3618 
7843 
1185 
7074 
9912 
626 
8090 
4429 
4443 
4888 
9341 
11805 
2000 
2578 
11523 
3965 
6757 
5466 
4979 
537 
2339 
9820 
2425 
9137 
7902 
9971 
3881 
12035 
10430 
4680 
3840 
1340 
2508 
10772 
1940 
5953 
10941 
1881 
4949 
581 
8605 
11769 
2570 
2806 
8476 
6063 
5212 
10357 
10157 
8284 
5357 
3329 
7071 
9326 
7545 
4635 
8580 
8674 
1251 
3491 
11271 
1699 
1304 
4260 
2397 
9534 
1054 
1045 
8793 
3458 
11917 
413 
5853 
3012 
4122 
11636 
9490 
9306 
304 
3839 
4288 
7156 
5565 
7952 
2188 
7969 
2417 
6374 
9877 
7143 
2814 
9882 
1078 
6288 
324 
535 
1837 
PATTERN: 69 
9853 
285 
394 
3766 
80 
8944 
10941 
9006 
418 
6415 
575 
5152 
1389 
11382 
5963 
8072 
8199 
1210 
3402 
5383 
6093 
11137 
1404 
3047 
9031 
6113 
9471 
2891 
7878 
348 
10397 
5143 
7723 
3303 
8065 
11740 
11623 
332 
814 
1840 
9707 
4835 
6780 
3918 
1464 
9501 
1715 
11813 
1425 
1036 
2548 
5427 
2810 
10976 
11595 
4355 
7759 
45 
9768 
11431 
2708 
1512 
8645 
8169 
12059 
4968 
324 
6329 
3557 
7486 
12145 
5375 
1406 
7317 
9258 
10031 
11337 
7626 
6963 
10971 
6172 
6654 
3000 
8932 
8952 
2710 
11587 
6570 
11592 
11622 
952 
2080 
11409 
9637 
11991 
10617 
10365 
2301 
1661 
445 
3021 
6632 
11636 
7503 
1367 
12172 
381 
8430 
4109 
3201 
944 
8731 
5460 
3111 
4091 
2423 
4416 
10879 
2981 
386 
512 
5433 
10380 
2650 
584 
3877 
4170 
5480 
PATTERN: 70 
3319 
5502 
11398 
5610 
3307 
10927 
1679 
1649 
7722 
11933 
8778 
4788 
7681 
6965 
1771 
6607 
3774 
12242 
7656 
3972 
8189 
426 
10922 
8830 
7574 
10801 
3498 
9399 
10335 
802 
482 
1522 
1450 
5965 
7168 
9632 
3958 
93 
11261 
2328 
3208 
10109 
9224 
818 
7468 
2341 
4948 
5147 
7014 
10789 
7793 
8194 
10473 
5478 
8727 
9984 
3350 
9549 
7241 
2303 
2180 
1612 
4312 
643 
10544 
11546 
7421 
8502 
6329 
7922 
1464 
1091 
9786 
9896 
11510 
8037 
2060 
6151 
2906 
12103 
5173 
1110 
12199 
2486 
9484 
12195 
1415 
967 
7773 
11321 
4141 
11089 
9686 
12110 
10000 
8713 
8855 
1423 
3962 
538 
4792 
1704 
11717 
9494 
8726 
9580 
4100 
6177 
2944 
4804 
7486 
662 
4701 
5412 
6587 
58 
1390 
12067 
5684 
11986 
3558 
9454 
10300 
604 
9442 
8904 
76 
672 
PATTERN: 71 
2286 
5325 
6612 
11794 
4920 
1795 
6980 
5095 
7233 
1939 
8940 
3009 
10546 
3496 
1280 
5117 
5844 
8660 
4226 
2879 
168 
2824 
10543 
7020 
8089 
6522 
7566 
6983 
1007 
6723 
9887 
5416 
11307 
618 
4775 
7539 
8774 
1378 
5978 
760 
7935 
3909 
7426 
7521 
10388 
2007 
8298 
462 
1472 
2434 
42 
11846 
6019 
11758 
5054 
7796 
492 
11588 
7357 
12029 
8337 
8075 
5487 
6730 
11421 
2573 
11528 
4989 
2108 
2197 
7503 
8191 
6998 
1376 
1861 
7519 
5709 
6770 
3028 
3035 
8735 
992 
7229 
12102 
9696 
9068 
5679 
5823 
6427 
8695 
3386 
2152 
11673 
4451 
298 
10645 
1385 
1901 
2518 
8237 
1668 
2368 
9215 
9901 
10130 
6523 
4946 
1520 
5046 
7423 
258 
1682 
8802 
11813 
8348 
1704 
11071 
7405 
11633 
8129 
4686 
11216 
2787 
1020 
1031 
7255 
10323 
11082 
PATTERN: 72 
12056 
3774 
6662 
6028 
7850 
7480 
2192 
11938 
9278 
4947 
8893 
8800 
6101 
9213 
9254 
6893 
11818 
5684 
3656 
12236 
11478 
8397 
92 
6854 
10851 
7204 
11561 
5875 
926 
8375 
8748 
6981 
8706 
1623 
4296 
4724 
878 
840 
10044 
6446 
9538 
11717 
2472 
10438 
8203 
5336 
7619 
9658 
7252 
7082 
332 
6484 
5793 
3434 
8125 
6485 
8267 
6674 
7368 
8612 
3171 
1234 
7402 
1308 
3262 
1502 
8059 
11361 
11459 
8410 
4222 
2427 
12168 
9910 
8837 
7566 
4258 
2453 
11074 
11471 
11864 
11166 
1763 
6711 
5963 
11542 
6852 
9455 
9090 
3341 
253 
9509 
1545 
1205 
9148 
1507 
3808 
8523 
11791 
5335 
4461 
8300 
9331 
1907 
7925 
1293 
10600 
1390 
4396 
11642 
4169 
2384 
8485 
6325 
11928 
4689 
5278 
4865 
2203 
2 
4615 
3855 
4426 
10162 
7314 
11748 
10882 
1284 
PATTERN: 73 
476 
9962 
11516 
821 
3377 
10024 
11455 
9046 
931 
8226 
3692 
5691 
7115 
8361 
6465 
7375 
2988 
6231 
6281 
96 
9055 
5426 
10099 
3844 
7517 
11822 
7428 
8434 
5271 
5602 
3108 
7673 
5631 
2131 
1466 
11818 
275 
7148 
6266 
639 
7594 
11913 
3803 
4954 
6728 
4087 
8395 
4104 
9980 
1350 
4752 
2565 
11850 
260 
6889 
11183 
6921 
8474 
11970 
3041 
10390 
137 
5435 
7537 
4102 
4024 
9327 
8576 
7091 
7216 
3027 
5404 
8575 
8686 
4742 
4010 
8060 
12149 
7338 
6308 
226 
6506 
6929 
3170 
6880 
10252 
2758 
6267 
9844 
499 
6795 
1827 
459 
9617 
11796 
3054 
172 
6535 
1635 
425 
368 
6121 
10386 
3852 
4762 
7295 
4437 
11552 
4154 
5660 
7515 
10080 
826 
3069 
2998 
5984 
10549 
4377 
9668 
6544 
11621 
12065 
1723 
4443 
822 
10080 
5906 
9639 
PATTERN: 74 
9083 
4342 
592 
5292 
5764 
10556 
6916 
9311 
5267 
5333 
10926 
6157 
10919 
11316 
2008 
5822 
11901 
2429 
2872 
10548 
3582 
10390 
10 
11965 
11585 
3328 
4508 
3132 
822 
1098 
186 
10732 
10921 
48 
3955 
8149 
7760 
305 
10454 
8516 
578 
11955 
5789 
452 
3634 
9513 
8087 
1254 
1955 
446 
4223 
1846 
1528 
3377 
883 
10622 
2699 
2896 
7898 
1397 
3057 
7123 
194 
2962 
7978 
5842 
7591 
226 
9889 
5776 
4609 
9913 
9598 
7774 
11283 
10362 
7331 
4779 
6235 
3269 
7738 
11229 
1307 
2730 
2979 
7769 
5086 
12200 
5747 
11551 
5053 
6572 
3391 
1891 
11500 
9627 
7046 
1924 
11615 
3515 
10743 
8692 
3735 
10996 
8456 
4086 
8125 
757 
10763 
9043 
6574 
5054 
8100 
4306 
5344 
7900 
862 
4089 
4563 
4584 
4126 
9535 
11994 
6088 
2822 
694 
371 
2542 
PATTERN: 75 
6615 
7584 
4389 
8810 
11677 
3790 
1082 
12284 
11710 
6729 
11728 
5549 
9797 
8791 
9564 
9563 
10916 
11189 
7466 
4985 
9417 
2725 
1877 
2330 
5705 
7504 
2888 
252 
9017 
3180 
2848 
7423 
8509 
11309 
6502 
8335 
11875 
5622 
1716 
10329 
10120 
11451 
3553 
419 
4295 
907 
3848 
9757 
8015 
8125 
11887 
11804 
7364 
8259 
6715 
6659 
3419 
6660 
2848 
5802 
12244 
5513 
11622 
7824 
11812 
9305 
12228 
11662 
9657 
3002 
4614 
6551 
2704 
2544 
1879 
3010 
489 
11215 
5134 
11717 
10000 
5154 
2055 
4003 
3380 
4998 
262 
10332 
5725 
12191 
11953 
4721 
1082 
11385 
11063 
1389 
11515 
6770 
7470 
734 
10030 
10373 
9316 
12180 
6326 
6983 
2497 
6976 
5156 
6212 
10887 
10202 
12154 
7398 
8690 
6999 
4284 
6585 
8903 
4326 
10911 
619 
11933 
1919 
9209 
4698 
12042 
4173 
PATTERN: 76 
6002 
9934 
6741 
1799 
49 
2658 
7493 
9662 
1333 
4869 
10752 
2547 
7774 
12271 
4265 
3349 
4379 
1074 
7111 
8697 
7141 
2090 
9673 
7171 
4380 
4637 
11949 
4084 
7990 
3258 
6996 
2992 
743 
5753 
5170 
11339 
2599 
6827 
1616 
850 
2351 
12077 
12077 
7154 
1469 
9432 
12208 
8315 
7542 
7853 
4207 
1239 
7336 
8003 
10775 
9097 
1882 
11563 
10616 
8344 
6809 
657 
7167 
11113 
9047 
7808 
3412 
2114 
588 
8421 
4812 
6890 
12134 
337 
9397 
8267 
10802 
3820 
10149 
7871 
1107 
7925 
6700 
5953 
11431 
3327 
7510 
5184 
952 
8472 
1045 
3872 
10962 
2075 
9073 
849 
4678 
6149 
1470 
8610 
11797 
1814 
1204 
1283 
6245 
3628 
594 
10883 
3519 
5836 
5409 
7064 
3779 
8855 
9830 
5788 
10677 
2641 
3045 
3090 
11539 
7076 
2881 
9504 
4758 
6842 
7410 
4828 
PATTERN: 77 
3358 
4804 
2925 
964 
6837 
5430 
3053 
11441 
8186 
9636 
8079 
1274 
7090 
3571 
1757 
1851 
1970 
869 
4535 
7813 
5765 
2393 
4627 
9199 
2433 
2006 
9898 
4179 
1416 
706 
8787 
2262 
9753 
8896 
9606 
11101 
11254 
9672 
9009 
7664 
10609 
3690 
4224 
1257 
9159 
24 
9563 
9391 
6688 
3557 
9191 
8754 
6812 
3456 
9565 
2686 
5752 
1904 
5161 
9510 
7585 
12063 
8067 
12098 
3081 
5827 
8825 
4132 
5090 
7139 
1925 
6046 
8804 
779 
10289 
11250 
4214 
6642 
4790 
9332 
3021 
3368 
5860 
2822 
4999 
3789 
12103 
11470 
3630 
6223 
10683 
6390 
6727 
5313 
2860 
5163 
6795 
10133 
4899 
7092 
10847 
7718 
550 
1222 
7123 
6056 
463 
11791 
7254 
1315 
8832 
4335 
12094 
6734 
4508 
240 
5512 
3446 
5856 
1189 
515 
8730 
6110 
9448 
2447 
4077 
1497 
1764 
PATTERN: 78 
11286 
7601 
11222 
11349 
9942 
8770 
7563 
7656 
8037 
4926 
10663 
1861 
7688 
397 
3034 
1135 
8098 
510 
3781 
3294 
3078 
485 
5826 
11607 
9307 
878 
1841 
2330 
2803 
5741 
2817 
5750 
1044 
1083 
12188 
7902 
2208 
9017 
5429 
3170 
9710 
8989 
10254 
2867 
2877 
2341 
9443 
1584 
9682 
5726 
326 
9792 
1713 
8615 
4339 
10177 
8796 
3151 
4856 
4772 
4694 
3941 
7147 
8765 
6406 
425 
6695 
4961 
956 
3792 
10684 
10802 
4010 
5264 
1299 
4405 
570 
2094 
10380 
11777 
10720 
6771 
3089 
3367 
880 
2197 
4810 
10807 
6675 
4848 
9183 
2100 
9763 
6056 
3383 
2334 
1336 
5589 
7874 
9711 
3877 
11891 
10995 
8484 
9465 
4498 
11368 
5887 
743 
4997 
10978 
5159 
3621 
4662 
9077 
6820 
3742 
11883 
794 
12138 
138 
4770 
1318 
7630 
9638 
1951 
801 
7792 
PATTERN: 79 
7011 
1176 
8251 
3536 
1787 
10293 
12138 
8481 
11036 
3591 
10065 
6934 
4288 
7655 
8274 
11573 
738 
5304 
450 
11091 
5092 
9355 
6116 
10731 
10037 
3694 
7354 
10313 
8725 
7615 
11617 
3948 
1134 
2003 
10479 
7162 
9408 
10813 
7003 
6860 
4087 
11816 
2362 
8578 
7750 
5644 
12164 
3423 
4623 
1638 
10609 
6592 
8894 
11409 
6436 
12026 
3272 
4265 
9142 
3899 
5713 
11507 
9474 
18 
9696 
7864 
6487 
9884 
4180 
780 
4877 
5050 
1397 
951 
6321 
4115 
4187 
10432 
11163 
7900 
8641 
382 
2325 
8729 
1092 
390 
4743 
2915 
6830 
9632 
1595 
3030 
1599 
2991 
10917 
6118 
7864 
8190 
5495 
8105 
7551 
6540 
161 
7310 
8084 
1255 
10755 
2837 
4526 
8212 
3064 
5210 
9099 
4042 
10061 
2129 
8616 
3537 
8774 
4834 
7028 
8925 
6096 
7554 
6662 
5140 
7038 
1463 
PATTERN: 80 
3308 
11131 
11414 
7505 
9484 
10289 
6631 
12233 
8957 
11091 
2193 
8750 
12117 
7923 
1313 
8314 
11276 
146 
9613 
1879 
12286 
167 
5897 
6328 
12176 
5486 
7186 
432 
6041 
5780 
10569 
10772 
12254 
9927 
3747 
4543 
4620 
11722 
6755 
11330 
279 
7962 
7085 
6705 
11906 
264 
3932 
3976 
3371 
8225 
6512 
11820 
1743 
9241 
2948 
7854 
12044 
9884 
10476 
120 
4493 
2416 
7780 
246 
6497 
10081 
3224 
4267 
2484 
7331 
12043 
10410 
222 
2383 
11142 
1059 
5208 
7465 
4931 
314 
65 
3871 
11681 
2724 
7932 
9489 
6687 
9045 
7241 
8858 
10865 
3339 
8489 
8606 
4080 
9228 
4457 
782 
8493 
11914 
8287 
1403 
4170 
6807 
7353 
9831 
7750 
6657 
6601 
9817 
9231 
4768 
10590 
8837 
9237 
3359 
673 
1259 
1622 
12070 
11060 
8163 
4531 
4830 
7523 
8102 
3510 
10671 
PATTERN: 81 
7694 
7265 
2990 
11375 
10879 
4489 
8806 
8985 
9538 
5928 
3248 
1471 
3783 
273 
2695 
11676 
2874 
11818 
11176 
2427 
5043 
3617 
1539 
11021 
1925 
2487 
10487 
2929 
8928 
4172 
11925 
4839 
5514 
3358 
4451 
4538 
6399 
8659 
5410 
11693 
6734 
10589 
1787 
9868 
11908 
4707 
2853 
4718 
9363 
808 
9870 
10042 
2866 
9838 
950 
5135 
6495 
2955 
5493 
12118 
3790 
11621 
3200 
3156 
2677 
11589 
8957 
5574 
4053 
3188 
8050 
8745 
4414 
4078 
4386 
8919 
5522 
8956 
2436 
11769 
1107 
636 
1327 
630 
650 
2459 
10066 
6703 
2368 
9398 
2767 
8401 
11043 
1944 
1539 
3689 
8120 
4040 
4171 
6397 
5604 
4049 
5864 
6531 
2646 
513 
1481 
9719 
10230 
9542 
6647 
5614 
5725 
2689 
2904 
2499 
8335 
940 
12200 
8410 
4240 
721 
10939 
2683 
6180 
4019 
392 
6580 
PATTERN: 82 
6235 
5967 
1309 
586 
311 
11270 
2909 
202 
10770 
2708 
11855 
7745 
11429 
3058 
11747 
7889 
9092 
4042 
6196 
11280 
12275 
4240 
1810 
172 
637 
3672 
721 
5155 
7758 
7161 
11185 
4540 
7454 
6171 
10688 
777 
7815 
7993 
11739 
3605 
608 
7931 
9620 
5981 
11004 
115 
1497 
6746 
7263 
9494 
12099 
3818 
7652 
1948 
6161 
2437 
10069 
5966 
11363 
5924 
9712 
6328 
11603 
4643 
9650 
6125 
7352 
4466 
8646 
8181 
10072 
10379 
6626 
11414 
5027 
10717 
6981 
2249 
3594 
2472 
1759 
6666 
10174 
8931 
7507 
11539 
3234 
7364 
10218 
7159 
9967 
1165 
5209 
7169 
6328 
3976 
7436 
11414 
1746 
835 
1377 
7956 
4752 
7165 
4 
1538 
3933 
7192 
236 
5485 
5232 
6787 
9318 
12020 
10672 
8902 
8688 
2367 
11306 
10200 
775 
729 
11198 
1887 
11246 
7965 
2270 
5129 
PATTERN: 83 
1893 
8208 
3343 
308 
8111 
12179 
1395 
6407 
7216 
6211 
6709 
966 
5621 
2385 
2986 
9092 
894 
4146 
7672 
1055 
4851 
5668 
11505 
9314 
4095 
6520 
12221 
3583 
6940 
5768 
9701 
4951 
4001 
9771 
425 
9333 
8322 
844 
7957 
61 
9507 
1948 
7161 
2256 
5498 
4913 
6730 
4231 
8244 
7577 
7472 
12186 
180 
5660 
5266 
874 
10265 
9319 
5588 
8144 
7077 
6982 
6016 
3012 
3468 
10747 
8224 
4207 
7216 
8541 
9230 
9389 
9555 
3647 
2050 
6519 
4331 
1325 
7418 
1450 
7061 
1616 
8335 
9794 
5808 
1342 
11789 
5789 
9315 
6226 
4666 
5129 
7647 
8743 
1923 
6888 
7296 
1724 
7444 
4488 
10529 
5684 
6147 
2579 
8030 
11862 
157 
9000 
11630 
9863 
7838 
6161 
1661 
6890 
7693 
3962 
6239 
3111 
2686 
9957 
12284 
7324 
9220 
3549 
1690 
8980 
8431 
2104 
PATTERN: 84 
10043 
11328 
4581 
1256 
9058 
8269 
1720 
11065 
11011 
101 
2128 
1297 
4722 
9738 
6533 
1926 
3362 
8697 
1270 
10780 
3988 
5463 
10912 
1524 
429 
12211 
1680 
151 
1817 
7943 
219 
8804 
3095 
6146 
2942 
124 
1276 
6975 
10059 
2883 
4934 
9495 
5574 
3641 
10157 
9853 
11511 
876 
6478 
10438 
9919 
11412 
5470 
9129 
7779 
2252 
6689 
11822 
2568 
8474 
6883 
11789 
4470 
8643 
342 
6025 
7574 
8750 
10382 
9174 
3938 
10107 
5458 
10743 
6599 
8769 
5881 
7054 
4877 
2024 
10202 
3645 
11935 
149 
2547 
4108 
10154 
10707 
1651 
9946 
6989 
8244 
8629 
3597 
5582 
11409 
12036 
11056 
6643 
7384 
2131 
2184 
11369 
8487 
321 
10603 
112 
4156 
691 
6690 
9547 
1631 
3382 
7957 
3696 
567 
11912 
9564 
3141 
1233 
1022 
236 
9730 
6826 
8895 
4367 
7078 
8540 
PATTERN: 85 
6908 
2989 
2610 
3943 
8371 
3840 
7321 
10102 
6797 
7364 
6812 
2858 
10352 
9274 
1402 
6237 
6865 
5662 
8165 
11076 
4127 
8569 
6251 
10085 
10048 
9417 
8128 
9624 
9226 
3160 
9239 
2133 
4648 
4792 
4881 
3016 
5117 
3711 
2827 
3525 
5858 
5573 
4681 
5843 
9012 
7537 
8352 
2645 
7095 
2332 
1359 
2807 
11657 
9317 
3120 
2990 
8638 
4864 
11186 
800 
9636 
8485 
1709 
3277 
331 
1349 
4531 
10687 
11970 
1108 
1443 
5591 
9835 
5719 
1956 
2007 
8158 
7356 
546 
5521 
3129 
11575 
595 
8824 
7428 
6432 
11149 
8592 
9980 
2120 
745 
9777 
3396 
4887 
10316 
6334 
1311 
12039 
7110 
5410 
4764 
10091 
7689 
10542 
2280 
5243 
1068 
3315 
5962 
11766 
11940 
7802 
4377 
1742 
6647 
2635 
289 
6917 
2769 
11387 
2692 
9874 
5903 
11703 
7613 
8935 
4359 
6321 
PATTERN: 86 
1512 
11910 
1090 
5894 
10696 
5345 
8046 
4385 
6141 
9557 
2000 
4529 
7588 
6402 
11910 
5271 
1625 
10895 
10323 
3373 
4406 
11095 
11223 
2695 
3353 
7618 
11876 
2012 
2967 
6209 
6461 
6672 
10628 
7492 
10889 
8068 
5782 
3992 
2035 
6217 
8377 
1001 
7560 
4764 
1031 
5269 
5867 
12275 
6297 
2969 
5690 
9366 
7467 
9436 
9818 
10518 
3150 
6150 
3384 
8079 
12060 
4658 
1913 
6144 
1729 
4535 
7220 
3517 
1215 
10768 
11918 
1253 
12254 
10749 
4674 
9765 
7677 
9216 
4628 
3595 
7484 
3589 
7585 
8909 
11208 
7914 
39 
8192 
3605 
11894 
5047 
5078 
2325 
10934 
10584 
68 
2983 
4135 
2158 
11444 
10836 
9771 
11550 
9237 
5499 
1587 
1616 
7587 
9335 
8974 
10650 
3548 
4422 
9059 
2177 
10258 
987 
11396 
1949 
11399 
5528 
4751 
8079 
11264 
6423 
5822 
7925 
1862 
PATTERN: 87 
5848 
4951 
8115 
5666 
10131 
5956 
11927 
2589 
2172 
8522 
11028 
8715 
3257 
5328 
1921 
8374 
11812 
9321 
8423 
7831 
8438 
7758 
1241 
5309 
1821 
10665 
7851 
432 
868 
5492 
4439 
1593 
3808 
722 
10499 
7792 
7876 
2432 
12130 
11246 
842 
1541 
3727 
6832 
31 
4161 
4342 
7670 
1683 
10082 
3343 
7517 
1587 
2673 
3525 
9961 
1861 
7945 
10445 
9697 
12155 
8271 
9741 
6995 
7268 
3529 
10507 
976 
5055 
2449 
5192 
2379 
1968 
3133 
9034 
11416 
5821 
2424 
1766 
11041 
10559 
256 
3660 
3376 
5278 
11511 
548 
8262 
11921 
7673 
1735 
3572 
10947 
2821 
1813 
8856 
9638 
4398 
10365 
3982 
5113 
4145 
10126 
8174 
12012 
115 
11538 
9014 
11117 
6063 
510 
7887 
1715 
4699 
6226 
11180 
3928 
3461 
4016 
10414 
1669 
9901 
4359 
11178 
7674 
7104 
7359 
10384 
PATTERN: 88 
11597 
1351 
9288 
11208 
8473 
8828 
4416 
8442 
905 
662 
6553 
7433 
3931 
10169 
3647 
75 
8924 
7006 
6458 
11875 
5580 
3202 
11230 
10518 
7522 
12002 
3594 
5437 
2357 
7714 
7127 
7923 
4433 
3213 
10192 
6620 
11851 
6123 
11854 
9818 
6812 
305 
1412 
2715 
352 
8380 
4298 
11853 
5606 
2828 
4997 
6729 
11335 
5082 
325 
8283 
1130 
5718 
4765 
2849 
7242 
4963 
6918 
2840 
11581 
3460 
5807 
1463 
1626 
3512 
10596 
5835 
7547 
9403 
8983 
2992 
11126 
347 
8017 
845 
8807 
2013 
1312 
5580 
6484 
7949 
2638 
8489 
10049 
6656 
6896 
4193 
10158 
4828 
10430 
4552 
4574 
10910 
6699 
10783 
1403 
1852 
10350 
10633 
7707 
8000 
8336 
10781 
9842 
4163 
5132 
670 
10831 
3151 
11152 
7147 
7877 
8997 
2040 
4914 
9156 
5331 
7718 
6561 
3352 
979 
3456 
3594 
PATTERN: 89 
6708 
2563 
2154 
5194 
876 
5279 
11685 
2763 
4875 
4393 
10472 
6013 
2376 
7387 
2194 
11527 
10136 
10392 
4494 
6767 
9514 
9040 
12015 
4277 
2261 
3718 
6392 
7309 
8280 
8240 
10915 
8598 
3740 
5461 
11114 
5268 
3447 
1664 
3817 
3348 
1692 
10285 
648 
3774 
7556 
7569 
10971 
6440 
8062 
1617 
3395 
9151 
7984 
2043 
11465 
2433 
2672 
137 
745 
143 
9322 
6336 
7121 
635 
2563 
4614 
5876 
11764 
8025 
6230 
9758 
4743 
3061 
4331 
1791 
598 
5853 
1224 
5075 
1097 
6478 
10038 
3490 
6820 
1926 
8839 
4434 
6115 
3169 
3117 
553 
2181 
7640 
2469 
5795 
9096 
9503 
5464 
5618 
10633 
1026 
6130 
12211 
3760 
10117 
5819 
10193 
3864 
8751 
7817 
2722 
95 
8933 
4578 
663 
6439 
9874 
11931 
5140 
6872 
8845 
1753 
6998 
4478 
10400 
4847 
6214 
8411 
PATTERN: 90 
5148 
672 
2913 
2685 
529 
10398 
2318 
9095 
1945 
1173 
4703 
1432 
6443 
10830 
9828 
3348 
8260 
194 
11715 
636 
1903 
1718 
7012 
7659 
9351 
890 
3665 
5278 
11665 
5163 
11636 
691 
7448 
6047 
4605 
5529 
6784 
6868 
11810 
8949 
11283 
6760 
1923 
10365 
11975 
4000 
571 
10626 
8201 
10315 
489 
10875 
11323 
8779 
1218 
5750 
10090 
4891 
707 
10469 
8461 
1760 
1609 
12123 
11745 
3636 
10338 
375 
3986 
5418 
9364 
4984 
7721 
6060 
12 
4815 
7906 
3341 
11414 
4533 
4680 
9470 
2439 
10472 
320 
8790 
11516 
3759 
2404 
11447 
8319 
4940 
9535 
2220 
11351 
5529 
11796 
9115 
771 
4038 
7673 
5451 
1448 
9456 
4766 
11973 
8735 
10705 
10543 
10115 
894 
11413 
954 
4092 
10109 
12088 
9817 
5215 
1308 
11081 
5409 
4987 
4396 
8591 
6242 
3839 
6223 
228 
PATTERN: 91 
2013 
892 
5929 
3808 
4685 
937 
5899 
4777 
4922 
4949 
5495 
3296 
9486 
11788 
4674 
960 
917 
6142 
6048 
12114 
6265 
2464 
4368 
4226 
9804 
1903 
8185 
11141 
1236 
2925 
6406 
2417 
10574 
10847 
7203 
12271 
8271 
1974 
10683 
5567 
5552 
10752 
3900 
9881 
9538 
835 
5944 
7353 
11375 
9538 
3885 
2894 
3884 
4559 
9715 
1178 
721 
8437 
815 
9459 
7712 
2132 
12004 
9767 
1020 
6206 
5688 
11273 
10123 
7461 
3532 
6537 
11020 
4314 
6055 
11292 
8623 
7382 
319 
3705 
4968 
7126 
11687 
3007 
1754 
189 
11894 
6831 
8374 
7938 
3108 
716 
11251 
12152 
10408 
5014 
7979 
2012 
4252 
7604 
9950 
6152 
12143 
3785 
8217 
10461 
9250 
8701 
11687 
1014 
73 
12280 
136 
4168 
6622 
10304 
404 
4964 
592 
4588 
8636 
9782 
3092 
3724 
5624 
1800 
8710 
8452 
PATTERN: 92 
8948 
8943 
4287 
4119 
7913 
5379 
6071 
2445 
11785 
1425 
2552 
6803 
1116 
4384 
10120 
10506 
5050 
3270 
5440 
6232 
3342 
1878 
11429 
3643 
9577 
591 
12200 
5149 
4315 
11649 
3703 
5760 
214 
6862 
11650 
2934 
2887 
6193 
10977 
8501 
3884 
11207 
11570 
207 
1178 
7176 
11470 
6984 
4746 
9641 
980 
4018 
12203 
3151 
12009 
7106 
5880 
12235 
6392 
2475 
8665 
11678 
3993 
10436 
2773 
1796 
10525 
379 
3335 
10601 
3034 
3739 
3050 
5007 
4773 
4201 
3191 
6843 
6575 
4380 
6558 
4262 
4732 
11524 
9149 
8332 
5230 
5925 
1366 
5372 
10140 
7903 
6807 
4087 
4477 
5065 
12100 
8952 
8523 
1147 
69 
5708 
1899 
7689 
1626 
4292 
8256 
5942 
6979 
528 
3875 
6275 
6453 
2689 
3844 
3542 
7291 
8070 
2263 
3655 
1280 
5252 
1179 
1845 
11694 
2616 
2357 
6073 
PATTERN: 93 
10972 
4207 
8428 
5861 
6636 
11127 
2356 
7852 
11207 
10461 
7043 
11487 
10631 
5779 
4477 
6392 
11209 
3722 
5543 
6901 
6237 
6003 
1219 
11862 
9246 
4715 
6363 
4268 
1354 
10909 
1501 
9173 
10889 
11941 
8612 
8898 
7636 
7308 
9565 
9141 
884 
4108 
5144 
7624 
1731 
4673 
3187 
5458 
1525 
5753 
3340 
7058 
4428 
1679 
12202 
8176 
9912 
665 
4443 
7010 
4807 
3612 
4359 
10970 
1180 
11927 
3775 
9638 
243 
4321 
702 
8372 
7981 
391 
2380 
6168 
4019 
10419 
2236 
4287 
3096 
9667 
7557 
3705 
8763 
738 
11976 
5821 
3322 
5986 
1796 
3 
9639 
3746 
8031 
11639 
159 
1612 
2405 
8448 
10431 
11686 
11817 
8579 
6990 
5372 
11613 
2794 
2016 
10501 
9010 
1329 
7697 
5371 
1121 
6491 
5824 
11951 
5782 
8823 
11612 
3726 
10527 
4219 
11270 
10454 
6352 
1097 
PATTERN: 94 
6787 
7948 
4227 
5063 
2975 
4150 
5523 
742 
11897 
665 
1014 
1654 
6172 
11742 
4577 
8711 
5933 
10671 
763 
2872 
7008 
11159 
4367 
11333 
12185 
2437 
7099 
1182 
2661 
9205 
4642 
12245 
4918 
3964 
6795 
5387 
7498 
11168 
9180 
10853 
5681 
12247 
6226 
376 
2600 
3942 
3932 
2358 
6986 
2379 
2279 
8226 
3032 
6689 
8956 
5496 
5226 
4247 
7121 
8789 
2574 
4030 
9977 
5640 
7937 
7035 
474 
1789 
1384 
8746 
463 
9410 
2262 
4773 
11676 
7191 
201 
725 
7531 
12113 
3706 
4490 
8128 
4718 
8922 
1303 
4278 
3179 
7876 
3719 
4712 
2171 
9653 
2528 
5752 
8828 
1504 
2408 
9216 
4330 
3227 
7593 
8680 
10701 
7162 
7573 
2800 
10277 
3452 
11165 
1770 
9943 
9871 
6209 
1452 
3618 
603 
4745 
8543 
2581 
4748 
12200 
8648 
1106 
9519 
1110 
6536 
8124 
PATTERN: 95 
131 
3738 
3919 
9498 
3053 
9061 
8344 
422 
4842 
1083 
10646 
12171 
9718 
8849 
489 
2538 
1338 
10186 
4041 
7975 
11778 
2996 
8456 
423 
5887 
4989 
1411 
7463 
4972 
3832 
11688 
11726 
1063 
10966 
8 
2847 
4601 
8405 
11248 
10477 
10277 
4064 
6041 
5173 
2503 
7214 
2737 
6809 
11911 
2449 
1031 
10110 
1018 
1425 
3381 
8385 
10188 
5913 
327 
11671 
9593 
10690 
5038 
641 
4370 
5567 
11425 
10063 
2973 
9776 
2436 
6613 
2902 
4716 
3447 
632 
8518 
3916 
5431 
432 
6275 
4299 
6890 
11733 
3492 
9130 
8543 
5290 
2512 
3043 
2839 
8860 
4045 
3115 
4486 
7704 
3029 
12247 
2910 
6908 
4243 
227 
9707 
4488 
9916 
2406 
9453 
952 
1342 
4766 
1268 
3273 
6880 
11436 
7767 
9457 
1613 
72 
9074 
1980 
8206 
279 
11614 
5650 
6971 
9950 
12273 
6027 
PATTERN: 96 
9500 
8409 
2800 
7852 
8007 
3268 
1688 
7268 
678 
914 
4309 
2042 
1056 
10399 
3542 
3348 
2922 
273 
9911 
8022 
993 
7625 
6899 
31 
129 
10557 
5695 
12134 
12093 
7355 
7136 
1605 
6898 
11235 
5860 
4162 
3866 
11011 
1822 
5343 
2623 
3442 
6801 
2127 
3985 
5692 
677 
4962 
9982 
8651 
11770 
3831 
248 
4221 
1754 
8885 
5050 
4237 
9433 
6177 
6354 
8401 
4082 
8118 
3574 
11877 
9511 
2704 
3923 
9646 
2084 
7497 
2234 
5529 
11223 
11187 
6342 
10788 
3833 
10850 
1006 
7049 
586 
10153 
12197 
11652 
9952 
7895 
2855 
3524 
11835 
3841 
5184 
10275 
10956 
826 
5203 
8395 
5177 
11057 
1629 
6606 
3940 
9269 
6053 
1423 
3985 
4861 
7124 
8110 
8157 
3373 
4542 
3841 
1275 
6667 
7464 
6182 
10162 
11803 
5724 
10324 
556 
989 
2221 
4521 
12218 
7087 
PATTERN: 97 
2080 
9641 
1600 
8391 
1041 
3433 
6766 
889 
330 
5487 
8939 
9234 
9462 
10522 
792 
2136 
8353 
1494 
8890 
2552 
11625 
4518 
7056 
308 
1913 
9537 
6795 
7501 
9556 
9707 
3366 
9072 
4283 
11079 
6497 
11500 
9471 
5814 
2501 
10381 
80 
3986 
9456 
6344 
5493 
7959 
720 
190 
9545 
1255 
3489 
10977 
8172 
6444 
2337 
8674 
4134 
5819 
4765 
3783 
119 
8637 
8685 
6390 
10302 
9644 
11297 
9944 
3856 
11361 
1197 
8293 
11383 
9417 
4479 
8123 
1986 
4654 
7290 
11238 
9143 
11053 
8741 
11945 
4430 
8959 
9721 
10597 
3764 
3077 
5876 
7737 
7884 
1292 
9232 
7590 
11013 
3195 
835 
3621 
4031 
7689 
5121 
8792 
41 
5012 
10570 
10714 
2425 
9964 
7557 
7437 
8360 
11608 
11989 
8976 
9245 
1674 
12100 
7450 
6056 
5727 
8878 
1565 
560 
1421 
10769 
3418 
PATTERN: 98 
6037 
658 
10059 
3822 
6093 
6286 
7587 
9738 
983 
10057 
5041 
9105 
4549 
72 
7002 
10460 
757 
8327 
6810 
4955 
1988 
5951 
10496 
9128 
6482 
1834 
10246 
2178 
8582 
4500 
3170 
4599 
5417 
2984 
11945 
7719 
9372 
7849 
8380 
9906 
6587 
3879 
10116 
2882 
464 
8988 
8051 
6220 
11680 
3259 
6718 
9143 
8488 
7745 
5231 
10168 
11902 
4741 
12242 
10647 
7727 
2848 
9599 
2303 
5610 
10670 
10778 
5318 
8766 
5513 
6360 
12218 
7924 
11067 
7019 
12191 
297 
6670 
1145 
6408 
3581 
2011 
2853 
3806 
10063 
7026 
5920 
3236 
4318 
4509 
3995 
10008 
172 
5778 
2686 
4734 
10387 
9499 
4280 
5463 
5256 
10943 
5436 
12162 
10560 
10178 
4116 
5224 
1898 
11785 
9629 
3137 
2568 
5500 
12073 
2412 
4290 
2337 
2485 
7426 
1640 
9457 
2584 
4445 
848 
11989 
2113 
4064 
PATTERN: 99 
7235 
3419 
11172 
6714 
5089 
2563 
752 
6774 
7562 
7268 
6929 
1960 
6680 
830 
4574 
1697 
377 
9566 
9867 
9310 
2206 
4418 
1875 
11397 
397 
6656 
8238 
1782 
9648 
10315 
8318 
9323 
4295 
10233 
10812 
2112 
3680 
6859 
5495 
10697 
4014 
2564 
507 
6540 
8870 
549 
188 
2597 
1824 
2813 
10266 
4024 
5887 
11825 
366 
7654 
1939 
2322 
4662 
8305 
7354 
5463 
897 
7429 
6066 
12088 
10664 
7449 
1341 
8580 
5676 
4782 
10805 
1615 
10735 
11077 
4678 
7824 
4489 
5012 
7869 
2780 
2152 
3912 
8433 
10890 
1554 
1308 
2436 
6605 
10549 
11515 
3816 
798 
8919 
8835 
1518 
10540 
5417 
9689 
6503 
8629 
11476 
11291 
11951 
11900 
3148 
1671 
5162 
11730 
10079 
10475 
7095 
6733 
10772 
11866 
5421 
2511 
9964 
4873 
7830 
7127 
9993 
1502 
9899 
9450 
5518 
4871 
PATTERN: 100 
7462 
9492 
3269 
2951 
3256 
11698 
2199 
1742 
5938 
5171 
7041 
4374 
7876 
3376 
7259 
8779 
6293 
1741 
5264 
2006 
9686 
10025 
9404 
1485 
10834 
3792 
7644 
11196 
4114 
8328 
6529 
11550 
1114 
10355 
5230 
5842 
9447 
8978 
3069 
3539 
9063 
7261 
10254 
9097 
114 
2066 
5428 
5828 
8540 
8962 
4251 
10148 
11655 
787 
2023 
5214 
10301 
8327 
6231 
9535 
8665 
4256 
10745 
9366 
5034 
640 
10761 
9620 
1407 
3972 
2369 
9619 
5530 
9693 
7315 
10172 
11585 
9593 
4875 
10404 
4208 
7778 
4311 
1045 
10917 
4630 
3223 
5112 
2408 
3332 
7275 
2814 
5380 
235 
12002 
8875 
5081 
3039 
11754 
9682 
5944 
3335 
10639 
7126 
10126 
2715 
1667 
3086 
6348 
2613 
6749 
11954 
2789 
9533 
11150 
1913 
1013 
2964 
3986 
6402 
3735 
1733 
7209 
4380 
5432 
6206 
8553 
8250 
